#  Density    Pressure      Temp.      Energy    Sound Speed   Entropy   Shock Speed Part. Speed    Phase
  3.3200E+03  1.0000E+05  2.9800E+02  1.9268E+05  6.5960E+03  1.1224E+03  6.5960E+03  0.0000E+00  1.0000E+00
  3.4415E+03  5.3741E+09  3.0679E+02  2.2125E+05  6.6357E+03  1.1234E+03  6.7712E+03  2.3905E+02  1.0000E+00
  3.5504E+03  1.0171E+10  3.1585E+02  2.9210E+05  6.6350E+03  1.1291E+03  6.8702E+03  4.4592E+02  1.0000E+00
  3.6393E+03  1.4105E+10  3.2516E+02  3.7904E+05  6.6598E+03  1.1404E+03  6.9586E+03  6.1051E+02  1.0000E+00
  3.7117E+03  1.7346E+10  3.3476E+02  4.6836E+05  6.6955E+03  1.1558E+03  7.0362E+03  7.4253E+02  1.0000E+00
  3.7725E+03  2.0102E+10  3.4464E+02  5.5580E+05  6.7356E+03  1.1741E+03  7.1052E+03  8.5219E+02  1.0000E+00
  3.8250E+03  2.2521E+10  3.5481E+02  6.4050E+05  6.7771E+03  1.1944E+03  7.1677E+03  9.4638E+02  1.0000E+00
  3.8716E+03  2.4695E+10  3.6527E+02  7.2259E+05  6.8190E+03  1.2161E+03  7.2253E+03  1.0295E+03  1.0000E+00
  3.9137E+03  2.6688E+10  3.7605E+02  8.0243E+05  6.8608E+03  1.2390E+03  7.2792E+03  1.1043E+03  1.0000E+00
  3.9524E+03  2.8542E+10  3.8715E+02  8.8042E+05  6.9022E+03  1.2627E+03  7.3301E+03  1.1728E+03  1.0000E+00
  3.9882E+03  3.0286E+10  3.9857E+02  9.5693E+05  6.9432E+03  1.2871E+03  7.3787E+03  1.2363E+03  1.0000E+00
  4.0219E+03  3.1944E+10  4.1033E+02  1.0323E+06  6.9838E+03  1.3120E+03  7.4253E+03  1.2958E+03  1.0000E+00
  4.0536E+03  3.3532E+10  4.2244E+02  1.1067E+06  7.0239E+03  1.3375E+03  7.4703E+03  1.3520E+03  1.0000E+00
  4.0839E+03  3.5062E+10  4.3490E+02  1.1804E+06  7.0636E+03  1.3634E+03  7.5141E+03  1.4055E+03  1.0000E+00
  4.1128E+03  3.6545E+10  4.4774E+02  1.2536E+06  7.1030E+03  1.3896E+03  7.5567E+03  1.4566E+03  1.0000E+00
  4.1406E+03  3.7988E+10  4.6095E+02  1.3265E+06  7.1420E+03  1.4162E+03  7.5984E+03  1.5058E+03  1.0000E+00
  4.1674E+03  3.9397E+10  4.7455E+02  1.3992E+06  7.1808E+03  1.4431E+03  7.6393E+03  1.5534E+03  1.0000E+00
  4.1934E+03  4.0780E+10  4.8855E+02  1.4718E+06  7.2194E+03  1.4702E+03  7.6795E+03  1.5995E+03  1.0000E+00
  4.2186E+03  4.2139E+10  5.0296E+02  1.5445E+06  7.2577E+03  1.4976E+03  7.7192E+03  1.6443E+03  1.0000E+00
  4.2432E+03  4.3479E+10  5.1780E+02  1.6173E+06  7.2959E+03  1.5251E+03  7.7584E+03  1.6880E+03  1.0000E+00
  4.2672E+03  4.4804E+10  5.3308E+02  1.6904E+06  7.3339E+03  1.5529E+03  7.7973E+03  1.7308E+03  1.0000E+00
  4.2907E+03  4.6116E+10  5.4881E+02  1.7639E+06  7.3718E+03  1.5808E+03  7.8358E+03  1.7727E+03  1.0000E+00
  4.3137E+03  4.7417E+10  5.6501E+02  1.8377E+06  7.4096E+03  1.6089E+03  7.8740E+03  1.8138E+03  1.0000E+00
  4.3363E+03  4.8710E+10  5.8168E+02  1.9120E+06  7.4474E+03  1.6372E+03  7.9120E+03  1.8544E+03  1.0000E+00
  4.3586E+03  4.9997E+10  5.9884E+02  1.9869E+06  7.4851E+03  1.6656E+03  7.9498E+03  1.8943E+03  1.0000E+00
  4.3805E+03  5.1279E+10  6.1651E+02  2.0623E+06  7.5228E+03  1.6941E+03  7.9875E+03  1.9337E+03  1.0000E+00
  4.4021E+03  5.2559E+10  6.3470E+02  2.1384E+06  7.5605E+03  1.7227E+03  8.0251E+03  1.9727E+03  1.0000E+00
  4.4235E+03  5.3838E+10  6.5343E+02  2.2153E+06  7.5982E+03  1.7515E+03  8.0626E+03  2.0113E+03  1.0000E+00
  4.4446E+03  5.5116E+10  6.7271E+02  2.2929E+06  7.6359E+03  1.7803E+03  8.1001E+03  2.0495E+03  1.0000E+00
  4.4655E+03  5.6396E+10  6.9256E+02  2.3714E+06  7.6736E+03  1.8093E+03  8.1376E+03  2.0874E+03  1.0000E+00
  4.4862E+03  5.7679E+10  7.1299E+02  2.4507E+06  7.7115E+03  1.8383E+03  8.1751E+03  2.1251E+03  1.0000E+00
  4.5067E+03  5.8965E+10  7.3403E+02  2.5310E+06  7.7493E+03  1.8674E+03  8.2127E+03  2.1626E+03  1.0000E+00
  4.5271E+03  6.0255E+10  7.5569E+02  2.6123E+06  7.7873E+03  1.8966E+03  8.2503E+03  2.1998E+03  1.0000E+00
  4.9606E+03  7.4676E+10  8.0094E+02  3.9122E+06  1.0613E+04  1.8994E+03  8.2467E+03  2.7275E+03  1.0000E+00
  4.9660E+03  7.5355E+10  8.2457E+02  3.9542E+06  1.0643E+04  1.9311E+03  8.2752E+03  2.7428E+03  1.0000E+00
  4.9714E+03  7.6054E+10  8.4890E+02  3.9975E+06  1.0674E+04  1.9628E+03  8.3042E+03  2.7585E+03  1.0000E+00
  4.9770E+03  7.6771E+10  8.7395E+02  4.0420E+06  1.0705E+04  1.9945E+03  8.3339E+03  2.7746E+03  1.0000E+00
  4.9827E+03  7.7507E+10  8.9974E+02  4.0878E+06  1.0736E+04  2.0262E+03  8.3643E+03  2.7911E+03  1.0000E+00
  4.9885E+03  7.8263E+10  9.2628E+02  4.1349E+06  1.0769E+04  2.0579E+03  8.3952E+03  2.8079E+03  1.0000E+00
  4.9944E+03  7.9040E+10  9.5361E+02  4.1834E+06  1.0801E+04  2.0897E+03  8.4268E+03  2.8252E+03  1.0000E+00
  5.0004E+03  7.9837E+10  9.8175E+02  4.2333E+06  1.0834E+04  2.1214E+03  8.4591E+03  2.8428E+03  1.0000E+00
  5.0066E+03  8.0656E+10  1.0107E+03  4.2847E+06  1.0868E+04  2.1531E+03  8.4921E+03  2.8608E+03  1.0000E+00
  5.0129E+03  8.1496E+10  1.0405E+03  4.3375E+06  1.0902E+04  2.1849E+03  8.5257E+03  2.8792E+03  1.0000E+00
  5.0193E+03  8.2358E+10  1.0712E+03  4.3918E+06  1.0937E+04  2.2166E+03  8.5600E+03  2.8980E+03  1.0000E+00
  5.0258E+03  8.3243E+10  1.1029E+03  4.4477E+06  1.0973E+04  2.2483E+03  8.5949E+03  2.9172E+03  1.0000E+00
  5.0325E+03  8.4151E+10  1.1354E+03  4.5052E+06  1.1009E+04  2.2800E+03  8.6306E+03  2.9368E+03  1.0000E+00
  5.0392E+03  8.5083E+10  1.1689E+03  4.5644E+06  1.1045E+04  2.3117E+03  8.6670E+03  2.9569E+03  1.0000E+00
  5.0461E+03  8.6040E+10  1.2034E+03  4.6252E+06  1.1082E+04  2.3434E+03  8.7040E+03  2.9774E+03  1.0000E+00
  5.0532E+03  8.7021E+10  1.2389E+03  4.6877E+06  1.1120E+04  2.3751E+03  8.7418E+03  2.9983E+03  1.0000E+00
  5.0603E+03  8.8027E+10  1.2754E+03  4.7520E+06  1.1158E+04  2.4067E+03  8.7803E+03  3.0197E+03  1.0000E+00
  5.0676E+03  8.9059E+10  1.3131E+03  4.8182E+06  1.1196E+04  2.4384E+03  8.8196E+03  3.0415E+03  1.0000E+00
  5.0751E+03  9.0118E+10  1.3518E+03  4.8862E+06  1.1235E+04  2.4700E+03  8.8595E+03  3.0638E+03  1.0000E+00
  5.0826E+03  9.1204E+10  1.3917E+03  4.9561E+06  1.1275E+04  2.5016E+03  8.9002E+03  3.0866E+03  1.0000E+00
  5.0903E+03  9.2318E+10  1.4328E+03  5.0280E+06  1.1315E+04  2.5332E+03  8.9417E+03  3.1098E+03  1.0000E+00
  5.0982E+03  9.3460E+10  1.4751E+03  5.1019E+06  1.1356E+04  2.5647E+03  8.9839E+03  3.1334E+03  1.0000E+00
  5.1061E+03  9.4631E+10  1.5186E+03  5.1779E+06  1.1397E+04  2.5963E+03  9.0269E+03  3.1576E+03  1.0000E+00
  5.1142E+03  9.5832E+10  1.5634E+03  5.2561E+06  1.1439E+04  2.6278E+03  9.0706E+03  3.1823E+03  1.0000E+00
  5.1225E+03  9.7063E+10  1.6095E+03  5.3364E+06  1.1482E+04  2.6593E+03  9.1151E+03  3.2074E+03  1.0000E+00
  5.1309E+03  9.8325E+10  1.6570E+03  5.4190E+06  1.1525E+04  2.6908E+03  9.1604E+03  3.2331E+03  1.0000E+00
  5.1394E+03  9.9619E+10  1.7059E+03  5.5039E+06  1.1568E+04  2.7222E+03  9.2065E+03  3.2592E+03  1.0000E+00
  5.1481E+03  1.0095E+11  1.7562E+03  5.5912E+06  1.1612E+04  2.7536E+03  9.2533E+03  3.2859E+03  1.0000E+00
  5.1569E+03  1.0231E+11  1.8080E+03  5.6809E+06  1.1657E+04  2.7850E+03  9.3010E+03  3.3131E+03  1.0000E+00
  5.1659E+03  1.0370E+11  1.8614E+03  5.7731E+06  1.1702E+04  2.8164E+03  9.3495E+03  3.3408E+03  1.0000E+00
  5.1750E+03  1.0513E+11  1.9163E+03  5.8679E+06  1.1747E+04  2.8477E+03  9.3988E+03  3.3690E+03  1.0000E+00
  5.1843E+03  1.0659E+11  1.9729E+03  5.9653E+06  1.1793E+04  2.8790E+03  9.4489E+03  3.3978E+03  1.0000E+00
  5.1937E+03  1.0809E+11  2.0311E+03  6.0655E+06  1.1840E+04  2.9103E+03  9.4998E+03  3.4272E+03  1.0000E+00
  5.2033E+03  1.0963E+11  2.0910E+03  6.1684E+06  1.1887E+04  2.9415E+03  9.5516E+03  3.4571E+03  1.0000E+00
  5.2130E+03  1.1120E+11  2.1527E+03  6.2742E+06  1.1935E+04  2.9728E+03  9.6042E+03  3.4876E+03  1.0000E+00
  5.2229E+03  1.1282E+11  2.2162E+03  6.3830E+06  1.1983E+04  3.0039E+03  9.6576E+03  3.5186E+03  1.0000E+00
  5.2329E+03  1.1447E+11  2.2816E+03  6.4947E+06  1.2032E+04  3.0351E+03  9.7119E+03  3.5502E+03  1.0000E+00
  5.2431E+03  1.1617E+11  2.3489E+03  6.6096E+06  1.2081E+04  3.0662E+03  9.7671E+03  3.5824E+03  1.0000E+00
  5.2534E+03  1.1790E+11  2.4182E+03  6.7277E+06  1.2131E+04  3.0973E+03  9.8231E+03  3.6152E+03  1.0000E+00
  5.2640E+03  1.1968E+11  2.4896E+03  6.8491E+06  1.2181E+04  3.1284E+03  9.8800E+03  3.6487E+03  1.0000E+00
  5.2746E+03  1.2151E+11  2.5630E+03  6.9738E+06  1.2232E+04  3.1594E+03  9.9378E+03  3.6827E+03  1.0000E+00
  5.2855E+03  1.2337E+11  2.6387E+03  7.1020E+06  1.2283E+04  3.1904E+03  9.9965E+03  3.7173E+03  1.0000E+00
  5.2965E+03  1.2529E+11  2.7165E+03  7.2338E+06  1.2335E+04  3.2213E+03  1.0056E+04  3.7526E+03  1.0000E+00
  5.3077E+03  1.2725E+11  2.7967E+03  7.3692E+06  1.2388E+04  3.2523E+03  1.0117E+04  3.7885E+03  1.0000E+00
  5.3190E+03  1.2925E+11  2.8792E+03  7.5084E+06  1.2441E+04  3.2832E+03  1.0178E+04  3.8251E+03  1.0000E+00
  5.3305E+03  1.3131E+11  2.9642E+03  7.6515E+06  1.2494E+04  3.3140E+03  1.0240E+04  3.8623E+03  1.0000E+00
  5.3422E+03  1.3342E+11  3.0516E+03  7.7987E+06  1.2548E+04  3.3449E+03  1.0304E+04  3.9003E+03  1.0000E+00
  5.3541E+03  1.3558E+11  3.1417E+03  7.9499E+06  1.2603E+04  3.3757E+03  1.0368E+04  3.9388E+03  1.0000E+00
  5.3661E+03  1.3779E+11  3.2344E+03  8.1054E+06  1.2658E+04  3.4065E+03  1.0433E+04  3.9781E+03  1.0000E+00
  5.3784E+03  1.4006E+11  3.3298E+03  8.2653E+06  1.2714E+04  3.4373E+03  1.0499E+04  4.0181E+03  1.0000E+00
  5.3908E+03  1.4238E+11  3.4280E+03  8.4298E+06  1.2770E+04  3.4681E+03  1.0566E+04  4.0588E+03  1.0000E+00
  5.4034E+03  1.4477E+11  3.5292E+03  8.5989E+06  1.2827E+04  3.4988E+03  1.0634E+04  4.1003E+03  1.0000E+00
  5.4162E+03  1.4721E+11  3.6333E+03  8.7728E+06  1.2884E+04  3.5296E+03  1.0704E+04  4.1425E+03  1.0000E+00
  5.4292E+03  1.4971E+11  3.7405E+03  8.9517E+06  1.2942E+04  3.5603E+03  1.0774E+04  4.1854E+03  1.0000E+00
  5.4423E+03  1.5227E+11  3.8509E+03  9.1357E+06  1.3000E+04  3.5910E+03  1.0845E+04  4.2292E+03  1.0000E+00
  5.4557E+03  1.5490E+11  3.9645E+03  9.3250E+06  1.3059E+04  3.6218E+03  1.0917E+04  4.2737E+03  1.0000E+00
  5.4693E+03  1.5760E+11  4.0815E+03  9.5198E+06  1.3119E+04  3.6525E+03  1.0991E+04  4.3190E+03  1.0000E+00
  5.4831E+03  1.6036E+11  4.2019E+03  9.7202E+06  1.3179E+04  3.6832E+03  1.1065E+04  4.3652E+03  1.0000E+00
  5.4971E+03  1.6319E+11  4.3259E+03  9.9265E+06  1.3240E+04  3.7140E+03  1.1141E+04  4.4122E+03  1.0000E+00
  5.5114E+03  1.6610E+11  4.4535E+03  1.0139E+07  1.3301E+04  3.7447E+03  1.1217E+04  4.4601E+03  1.0000E+00
  5.5258E+03  1.6908E+11  4.5849E+03  1.0357E+07  1.3363E+04  3.7755E+03  1.1295E+04  4.5088E+03  1.0000E+00
  5.5405E+03  1.7214E+11  4.7202E+03  1.0583E+07  1.3426E+04  3.8063E+03  1.1374E+04  4.5585E+03  1.0000E+00
  5.5554E+03  1.7527E+11  4.8595E+03  1.0814E+07  1.3489E+04  3.8371E+03  1.1454E+04  4.6090E+03  1.0000E+00
  5.5706E+03  1.7849E+11  5.0029E+03  1.1053E+07  1.3553E+04  3.8679E+03  1.1536E+04  4.6605E+03  1.0000E+00
  5.5859E+03  1.8179E+11  5.1505E+03  1.1299E+07  1.3617E+04  3.8988E+03  1.1618E+04  4.7129E+03  1.0000E+00
  5.6015E+03  1.8518E+11  5.3025E+03  1.1552E+07  1.3682E+04  3.9297E+03  1.1702E+04  4.7663E+03  1.0000E+00
  5.6174E+03  1.8865E+11  5.4589E+03  1.1812E+07  1.3748E+04  3.9606E+03  1.1787E+04  4.8207E+03  1.0000E+00
  5.6335E+03  1.9222E+11  5.6200E+03  1.2081E+07  1.3814E+04  3.9916E+03  1.1874E+04  4.8761E+03  1.0000E+00
  5.6499E+03  1.9587E+11  5.7858E+03  1.2357E+07  1.3881E+04  4.0226E+03  1.1961E+04  4.9325E+03  1.0000E+00
  5.6665E+03  1.9963E+11  5.9566E+03  1.2642E+07  1.3949E+04  4.0536E+03  1.2050E+04  4.9899E+03  1.0000E+00
  5.6833E+03  2.0348E+11  6.1323E+03  1.2936E+07  1.4018E+04  4.0846E+03  1.2140E+04  5.0484E+03  1.0000E+00
  5.7004E+03  2.0743E+11  6.3132E+03  1.3238E+07  1.4087E+04  4.1157E+03  1.2232E+04  5.1079E+03  1.0000E+00
  5.7178E+03  2.1149E+11  6.4995E+03  1.3549E+07  1.4156E+04  4.1469E+03  1.2325E+04  5.1685E+03  1.0000E+00
  5.7355E+03  2.1565E+11  6.6913E+03  1.3870E+07  1.4227E+04  4.1780E+03  1.2419E+04  5.2302E+03  1.0000E+00
  5.7534E+03  2.1992E+11  6.8887E+03  1.4201E+07  1.4298E+04  4.2092E+03  1.2515E+04  5.2930E+03  1.0000E+00
  5.7715E+03  2.2430E+11  7.0920E+03  1.4541E+07  1.4369E+04  4.2405E+03  1.2612E+04  5.3570E+03  1.0000E+00
  5.7900E+03  2.2879E+11  7.3013E+03  1.4892E+07  1.4442E+04  4.2717E+03  1.2710E+04  5.4220E+03  1.0000E+00
  5.8087E+03  2.3340E+11  7.5167E+03  1.5253E+07  1.4515E+04  4.3030E+03  1.2810E+04  5.4882E+03  1.0000E+00
  5.8276E+03  2.3813E+11  7.7385E+03  1.5625E+07  1.4588E+04  4.3343E+03  1.2911E+04  5.5555E+03  1.0000E+00
  5.8469E+03  2.4298E+11  7.9668E+03  1.6008E+07  1.4663E+04  4.3656E+03  1.3013E+04  5.6240E+03  1.0000E+00
  5.8664E+03  2.4796E+11  8.2019E+03  1.6402E+07  1.4738E+04  4.3969E+03  1.3117E+04  5.6937E+03  1.0000E+00
  5.8862E+03  2.5306E+11  8.4439E+03  1.6808E+07  1.4813E+04  4.4282E+03  1.3223E+04  5.7646E+03  1.0000E+00
  5.9062E+03  2.5829E+11  8.6930E+03  1.7226E+07  1.4889E+04  4.4596E+03  1.3329E+04  5.8366E+03  1.0000E+00
  5.9266E+03  2.6365E+11  8.9495E+03  1.7656E+07  1.4966E+04  4.4909E+03  1.3437E+04  5.9099E+03  1.0000E+00
  5.9471E+03  2.6915E+11  9.2136E+03  1.8099E+07  1.5043E+04  4.5222E+03  1.3547E+04  5.9844E+03  1.0000E+00
  5.9680E+03  2.7479E+11  9.4854E+03  1.8555E+07  1.5121E+04  4.5535E+03  1.3658E+04  6.0601E+03  1.0000E+00
  5.9892E+03  2.8057E+11  9.7653E+03  1.9024E+07  1.5200E+04  4.5848E+03  1.3770E+04  6.1370E+03  1.0000E+00
  6.0106E+03  2.8649E+11  1.0053E+04  1.9507E+07  1.5279E+04  4.6161E+03  1.3884E+04  6.2152E+03  1.0000E+00
  6.0323E+03  2.9257E+11  1.0350E+04  2.0004E+07  1.5359E+04  4.6474E+03  1.4000E+04  6.2946E+03  1.0000E+00
  6.0542E+03  2.9879E+11  1.0655E+04  2.0515E+07  1.5439E+04  4.6787E+03  1.4116E+04  6.3753E+03  1.0000E+00
  6.0765E+03  3.0517E+11  1.0970E+04  2.1041E+07  1.5520E+04  4.7099E+03  1.4235E+04  6.4573E+03  1.0000E+00
  6.0990E+03  3.1171E+11  1.1294E+04  2.1583E+07  1.5602E+04  4.7411E+03  1.4355E+04  6.5407E+03  1.0000E+00
  6.1218E+03  3.1841E+11  1.1627E+04  2.2140E+07  1.5684E+04  4.7722E+03  1.4476E+04  6.6253E+03  1.0000E+00
  6.1449E+03  3.2528E+11  1.1970E+04  2.2713E+07  1.5767E+04  4.8034E+03  1.4599E+04  6.7113E+03  1.0000E+00
  6.1683E+03  3.3232E+11  1.2323E+04  2.3303E+07  1.5850E+04  4.8345E+03  1.4723E+04  6.7986E+03  1.0000E+00
  6.1920E+03  3.3954E+11  1.2687E+04  2.3911E+07  1.5934E+04  4.8655E+03  1.4849E+04  6.8874E+03  1.0000E+00
  6.2160E+03  3.4694E+11  1.3061E+04  2.4536E+07  1.6018E+04  4.8965E+03  1.4977E+04  6.9775E+03  1.0000E+00
  6.2403E+03  3.5453E+11  1.3446E+04  2.5179E+07  1.6104E+04  4.9275E+03  1.5106E+04  7.0691E+03  1.0000E+00
  6.2648E+03  3.6230E+11  1.3843E+04  2.5841E+07  1.6190E+04  4.9585E+03  1.5237E+04  7.1621E+03  1.0000E+00
  6.2897E+03  3.7028E+11  1.4252E+04  2.6522E+07  1.6276E+04  4.9894E+03  1.5369E+04  7.2567E+03  1.0000E+00
  6.3150E+03  3.7845E+11  1.4672E+04  2.7224E+07  1.6363E+04  5.0202E+03  1.5503E+04  7.3527E+03  1.0000E+00
  6.3405E+03  3.8684E+11  1.5105E+04  2.7946E+07  1.6451E+04  5.0511E+03  1.5639E+04  7.4503E+03  1.0000E+00
  6.3663E+03  3.9543E+11  1.5551E+04  2.8689E+07  1.6539E+04  5.0819E+03  1.5777E+04  7.5494E+03  1.0000E+00
  6.3925E+03  4.0425E+11  1.6010E+04  2.9455E+07  1.6629E+04  5.1126E+03  1.5916E+04  7.6501E+03  1.0000E+00
  6.4191E+03  4.1330E+11  1.6482E+04  3.0244E+07  1.6718E+04  5.1434E+03  1.6058E+04  7.7525E+03  1.0000E+00
  6.4459E+03  4.2259E+11  1.6968E+04  3.1056E+07  1.6809E+04  5.1741E+03  1.6201E+04  7.8566E+03  1.0000E+00
  6.4731E+03  4.3211E+11  1.7469E+04  3.1892E+07  1.6900E+04  5.2047E+03  1.6346E+04  7.9624E+03  1.0000E+00
  6.5007E+03  4.4189E+11  1.7984E+04  3.2754E+07  1.6992E+04  5.2354E+03  1.6493E+04  8.0699E+03  1.0000E+00
  6.5287E+03  4.5192E+11  1.8515E+04  3.3643E+07  1.7085E+04  5.2660E+03  1.6642E+04  8.1792E+03  1.0000E+00
  6.5570E+03  4.6222E+11  1.9061E+04  3.4558E+07  1.7179E+04  5.2966E+03  1.6793E+04  8.2904E+03  1.0000E+00
  6.5857E+03  4.7280E+11  1.9624E+04  3.5501E+07  1.7273E+04  5.3272E+03  1.6947E+04  8.4034E+03  1.0000E+00
  6.6148E+03  4.8365E+11  2.0203E+04  3.6473E+07  1.7369E+04  5.3578E+03  1.7102E+04  8.5183E+03  1.0000E+00
  6.6443E+03  4.9480E+11  2.0799E+04  3.7476E+07  1.7465E+04  5.3884E+03  1.7259E+04  8.6352E+03  1.0000E+00
  6.6741E+03  5.0626E+11  2.1412E+04  3.8510E+07  1.7562E+04  5.4190E+03  1.7419E+04  8.7541E+03  1.0000E+00
  6.7044E+03  5.1802E+11  2.2044E+04  3.9575E+07  1.7660E+04  5.4496E+03  1.7581E+04  8.8750E+03  1.0000E+00
  6.7352E+03  5.3011E+11  2.2695E+04  4.0675E+07  1.7758E+04  5.4801E+03  1.7745E+04  8.9980E+03  1.0000E+00
  6.7663E+03  5.4253E+11  2.3364E+04  4.1809E+07  1.7858E+04  5.5107E+03  1.7912E+04  9.1231E+03  1.0000E+00
  6.7979E+03  5.5530E+11  2.4054E+04  4.2978E+07  1.7959E+04  5.5413E+03  1.8081E+04  9.2505E+03  1.0000E+00
  6.8299E+03  5.6842E+11  2.4763E+04  4.4185E+07  1.8060E+04  5.5719E+03  1.8253E+04  9.3800E+03  1.0000E+00
  6.8624E+03  5.8190E+11  2.5494E+04  4.5430E+07  1.8163E+04  5.6026E+03  1.8427E+04  9.5118E+03  1.0000E+00
  6.8953E+03  5.9576E+11  2.6246E+04  4.6715E+07  1.8267E+04  5.6332E+03  1.8603E+04  9.6460E+03  1.0000E+00
  6.9287E+03  6.1002E+11  2.7021E+04  4.8041E+07  1.8371E+04  5.6639E+03  1.8782E+04  9.7825E+03  1.0000E+00
  6.9625E+03  6.2467E+11  2.7818E+04  4.9410E+07  1.8477E+04  5.6946E+03  1.8964E+04  9.9214E+03  1.0000E+00
  6.9968E+03  6.3974E+11  2.8639E+04  5.0823E+07  1.8584E+04  5.7254E+03  1.9149E+04  1.0063E+04  1.0000E+00
  7.0316E+03  6.5524E+11  2.9484E+04  5.2281E+07  1.8692E+04  5.7562E+03  1.9336E+04  1.0207E+04  1.0000E+00
  7.0669E+03  6.7117E+11  3.0354E+04  5.3786E+07  1.8801E+04  5.7870E+03  1.9527E+04  1.0353E+04  1.0000E+00
  7.1027E+03  6.8756E+11  3.1250E+04  5.5340E+07  1.8911E+04  5.8179E+03  1.9720E+04  1.0502E+04  1.0000E+00
  7.1389E+03  7.0442E+11  3.2172E+04  5.6944E+07  1.9022E+04  5.8489E+03  1.9916E+04  1.0654E+04  1.0000E+00
  7.1757E+03  7.2176E+11  3.3121E+04  5.8600E+07  1.9134E+04  5.8799E+03  2.0114E+04  1.0808E+04  1.0000E+00
  7.2129E+03  7.3960E+11  3.4098E+04  6.0309E+07  1.9248E+04  5.9110E+03  2.0316E+04  1.0965E+04  1.0000E+00
  7.2507E+03  7.5794E+11  3.5104E+04  6.2074E+07  1.9363E+04  5.9422E+03  2.0521E+04  1.1125E+04  1.0000E+00
  7.2889E+03  7.7681E+11  3.6140E+04  6.3895E+07  1.9478E+04  5.9734E+03  2.0729E+04  1.1287E+04  1.0000E+00
  7.3277E+03  7.9622E+11  3.7206E+04  6.5776E+07  1.9596E+04  6.0047E+03  2.0940E+04  1.1453E+04  1.0000E+00
  7.3669E+03  8.1618E+11  3.8304E+04  6.7717E+07  1.9714E+04  6.0361E+03  2.1155E+04  1.1621E+04  1.0000E+00
  7.4066E+03  8.3672E+11  3.9434E+04  6.9720E+07  1.9833E+04  6.0676E+03  2.1372E+04  1.1792E+04  1.0000E+00
  7.4469E+03  8.5783E+11  4.0598E+04  7.1787E+07  1.9954E+04  6.0992E+03  2.1593E+04  1.1966E+04  1.0000E+00
  7.4876E+03  8.7955E+11  4.1796E+04  7.3921E+07  2.0076E+04  6.1309E+03  2.1817E+04  1.2143E+04  1.0000E+00
  7.5288E+03  9.0188E+11  4.3029E+04  7.6122E+07  2.0199E+04  6.1628E+03  2.2044E+04  1.2323E+04  1.0000E+00
  7.5705E+03  9.2484E+11  4.4299E+04  7.8394E+07  2.0324E+04  6.1947E+03  2.2274E+04  1.2506E+04  1.0000E+00
  7.6126E+03  9.4845E+11  4.5606E+04  8.0737E+07  2.0450E+04  6.2267E+03  2.2508E+04  1.2692E+04  1.0000E+00
  7.6553E+03  9.7272E+11  4.6951E+04  8.3154E+07  2.0577E+04  6.2589E+03  2.2746E+04  1.2881E+04  1.0000E+00
  7.6983E+03  9.9767E+11  4.8337E+04  8.5646E+07  2.0705E+04  6.2912E+03  2.2986E+04  1.3073E+04  1.0000E+00
  7.7419E+03  1.0233E+12  4.9763E+04  8.8217E+07  2.0834E+04  6.3236E+03  2.3230E+04  1.3268E+04  1.0000E+00
  7.7859E+03  1.0497E+12  5.1231E+04  9.0867E+07  2.0965E+04  6.3561E+03  2.3478E+04  1.3467E+04  1.0000E+00
  7.8303E+03  1.0768E+12  5.2743E+04  9.3599E+07  2.1098E+04  6.3888E+03  2.3729E+04  1.3668E+04  1.0000E+00
  7.8751E+03  1.1046E+12  5.4299E+04  9.6415E+07  2.1231E+04  6.4217E+03  2.3983E+04  1.3872E+04  1.0000E+00
  7.9204E+03  1.1332E+12  5.5901E+04  9.9318E+07  2.1366E+04  6.4547E+03  2.4241E+04  1.4080E+04  1.0000E+00
  7.9660E+03  1.1626E+12  5.7551E+04  1.0231E+08  2.1502E+04  6.4878E+03  2.4503E+04  1.4291E+04  1.0000E+00
  8.0121E+03  1.1927E+12  5.9249E+04  1.0539E+08  2.1639E+04  6.5211E+03  2.4768E+04  1.4505E+04  1.0000E+00
  8.0585E+03  1.2237E+12  6.0997E+04  1.0856E+08  2.1778E+04  6.5546E+03  2.5037E+04  1.4722E+04  1.0000E+00
  8.1053E+03  1.2556E+12  6.2797E+04  1.1183E+08  2.1918E+04  6.5882E+03  2.5309E+04  1.4942E+04  1.0000E+00
  8.1525E+03  1.2883E+12  6.4650E+04  1.1520E+08  2.2060E+04  6.6220E+03  2.5585E+04  1.5166E+04  1.0000E+00
  8.1999E+03  1.3218E+12  6.6557E+04  1.1866E+08  2.2202E+04  6.6559E+03  2.5865E+04  1.5393E+04  1.0000E+00
  8.2477E+03  1.3563E+12  6.8521E+04  1.2223E+08  2.2347E+04  6.6901E+03  2.6148E+04  1.5623E+04  1.0000E+00
  8.2959E+03  1.3916E+12  7.0543E+04  1.2590E+08  2.2492E+04  6.7244E+03  2.6436E+04  1.5856E+04  1.0000E+00
  8.3443E+03  1.4279E+12  7.2624E+04  1.2968E+08  2.2639E+04  6.7589E+03  2.6726E+04  1.6093E+04  1.0000E+00
  8.3930E+03  1.4652E+12  7.4767E+04  1.3356E+08  2.2787E+04  6.7936E+03  2.7021E+04  1.6332E+04  1.0000E+00
  8.4419E+03  1.5034E+12  7.6973E+04  1.3756E+08  2.2937E+04  6.8285E+03  2.7319E+04  1.6575E+04  1.0000E+00
  8.4911E+03  1.5426E+12  7.9244E+04  1.4168E+08  2.3088E+04  6.8635E+03  2.7622E+04  1.6822E+04  1.0000E+00
  8.5406E+03  1.5828E+12  8.1583E+04  1.4591E+08  2.3241E+04  6.8988E+03  2.7928E+04  1.7071E+04  1.0000E+00
  8.5902E+03  1.6241E+12  8.3990E+04  1.5026E+08  2.3395E+04  6.9342E+03  2.8238E+04  1.7324E+04  1.0000E+00
  8.6401E+03  1.6665E+12  8.6468E+04  1.5473E+08  2.3550E+04  6.9699E+03  2.8551E+04  1.7580E+04  1.0000E+00
  8.6902E+03  1.7099E+12  8.9019E+04  1.5933E+08  2.3707E+04  7.0057E+03  2.8869E+04  1.7840E+04  1.0000E+00
  8.7404E+03  1.7544E+12  9.1646E+04  1.6405E+08  2.3866E+04  7.0418E+03  2.9191E+04  1.8103E+04  1.0000E+00
  8.7908E+03  1.8001E+12  9.4350E+04  1.6891E+08  2.4026E+04  7.0780E+03  2.9517E+04  1.8369E+04  1.0000E+00
  8.8414E+03  1.8470E+12  9.7134E+04  1.7390E+08  2.4188E+04  7.1144E+03  2.9847E+04  1.8639E+04  1.0000E+00
  8.8920E+03  1.8950E+12  1.0000E+05  1.7903E+08  2.4351E+04  7.1511E+03  3.0181E+04  1.8912E+04  1.0000E+00
