# Temperature (K)   Density (sol/liq; kg/m3)   Density (vap; kg/m3)   Pressure (Pa)  Entropy (sol/liq; J/kg)   Entropy (vap; J/kg)
  6.0436E+03  5.7053E+02  5.7053E+02  1.5930E+08  6.3792E+03  6.3792E+03
  5.9789E+03  1.0503E+03  2.5807E+02  1.3802E+08  5.9336E+03  6.7741E+03
  5.9142E+03  1.2465E+03  1.8743E+02  1.2059E+08  5.7720E+03  6.8947E+03
  5.8495E+03  1.3826E+03  1.4551E+02  1.0562E+08  5.6617E+03  6.9790E+03
  5.7849E+03  1.4886E+03  1.1689E+02  9.2661E+07  5.5755E+03  7.0453E+03
  5.7202E+03  1.5762E+03  9.5878E+01  8.1362E+07  5.5035E+03  7.1008E+03
  5.6555E+03  1.6512E+03  7.9754E+01  7.1467E+07  5.4407E+03  7.1490E+03
  5.5908E+03  1.7169E+03  6.7004E+01  6.2771E+07  5.3844E+03  7.1921E+03
  5.5262E+03  1.7757E+03  5.6702E+01  5.5108E+07  5.3330E+03  7.2313E+03
  5.4615E+03  1.8288E+03  4.8243E+01  4.8346E+07  5.2852E+03  7.2676E+03
  5.3968E+03  1.8773E+03  4.1210E+01  4.2370E+07  5.2405E+03  7.3016E+03
  5.3321E+03  1.9221E+03  3.5306E+01  3.7086E+07  5.1981E+03  7.3337E+03
  5.2675E+03  1.9637E+03  3.0311E+01  3.2413E+07  5.1576E+03  7.3645E+03
  5.2028E+03  2.0025E+03  2.6060E+01  2.8280E+07  5.1187E+03  7.3941E+03
  5.1381E+03  2.0389E+03  2.2423E+01  2.4626E+07  5.0812E+03  7.4228E+03
  5.0734E+03  2.0732E+03  1.9300E+01  2.1400E+07  5.0448E+03  7.4508E+03
  5.0088E+03  2.1057E+03  1.6610E+01  1.8552E+07  5.0093E+03  7.4783E+03
  4.9441E+03  2.1365E+03  1.4288E+01  1.6043E+07  4.9747E+03  7.5054E+03
  4.8794E+03  2.1658E+03  1.2279E+01  1.3835E+07  4.9407E+03  7.5324E+03
  4.8147E+03  2.1938E+03  1.0539E+01  1.1895E+07  4.9074E+03  7.5592E+03
  4.7501E+03  2.2206E+03  9.0319E+00  1.0195E+07  4.8745E+03  7.5861E+03
  4.6854E+03  2.2462E+03  7.7253E+00  8.7081E+06  4.8421E+03  7.6131E+03
  4.6207E+03  2.2708E+03  6.5930E+00  7.4108E+06  4.8100E+03  7.6403E+03
  4.5560E+03  2.2944E+03  5.6123E+00  6.2820E+06  4.7782E+03  7.6679E+03
  4.4913E+03  2.3172E+03  4.7637E+00  5.3030E+06  4.7467E+03  7.6960E+03
  4.4267E+03  2.3392E+03  4.0305E+00  4.4565E+06  4.7153E+03  7.7246E+03
  4.3620E+03  2.3604E+03  3.3980E+00  3.7273E+06  4.6841E+03  7.7539E+03
  4.2973E+03  2.3810E+03  2.8535E+00  3.1015E+06  4.6530E+03  7.7840E+03
  4.2326E+03  2.4008E+03  2.3861E+00  2.5668E+06  4.6220E+03  7.8150E+03
  4.1680E+03  2.4201E+03  1.9858E+00  2.1119E+06  4.5910E+03  7.8470E+03
  4.1033E+03  2.4388E+03  1.6443E+00  1.7269E+06  4.5599E+03  7.8802E+03
  4.0386E+03  2.4569E+03  1.3539E+00  1.4027E+06  4.5289E+03  7.9146E+03
  3.9739E+03  2.4745E+03  1.1081E+00  1.1313E+06  4.4978E+03  7.9506E+03
  3.9093E+03  2.4917E+03  9.0104E-01  9.0548E+05  4.4666E+03  7.9881E+03
  3.8446E+03  2.5084E+03  7.2744E-01  7.1883E+05  4.4353E+03  8.0274E+03
  3.7799E+03  2.5246E+03  5.8276E-01  5.6569E+05  4.4038E+03  8.0687E+03
  3.7152E+03  2.5404E+03  4.6296E-01  4.4101E+05  4.3722E+03  8.1121E+03
  3.6506E+03  2.5559E+03  3.6446E-01  3.4035E+05  4.3404E+03  8.1580E+03
  3.5859E+03  2.5709E+03  2.8409E-01  2.5983E+05  4.3083E+03  8.2066E+03
  3.5212E+03  2.5856E+03  2.1908E-01  1.9606E+05  4.2760E+03  8.2581E+03
  3.4565E+03  2.6000E+03  1.6699E-01  1.4609E+05  4.2434E+03  8.3128E+03
  3.3918E+03  2.6140E+03  1.2568E-01  1.0739E+05  4.2105E+03  8.3711E+03
  3.3272E+03  2.6278E+03  9.3293E-02  7.7799E+04  4.1773E+03  8.4334E+03
  3.2625E+03  2.6412E+03  6.8222E-02  5.5478E+04  4.1438E+03  8.5001E+03
  3.1978E+03  2.6544E+03  4.9081E-02  3.8894E+04  4.1099E+03  8.5716E+03
  3.1331E+03  2.6672E+03  3.4689E-02  2.6770E+04  4.0755E+03  8.6485E+03
  3.0685E+03  2.6798E+03  2.4048E-02  1.8064E+04  4.0407E+03  8.7312E+03
  3.0038E+03  2.6922E+03  1.6324E-02  1.1931E+04  4.0055E+03  8.8205E+03
  2.9391E+03  2.7043E+03  1.0831E-02  7.7002E+03  3.9698E+03  8.9169E+03
  2.8744E+03  2.7161E+03  7.0109E-03  4.8475E+03  3.9336E+03  9.0212E+03
  2.8098E+03  2.7278E+03  4.4177E-03  2.9710E+03  3.8968E+03  9.1342E+03
  2.7774E+03  2.7335E+03  3.4693E-03  2.3012E+03  3.8781E+03  9.1942E+03
  2.7451E+03  2.7392E+03  2.7040E-03  1.7691E+03  3.8594E+03  9.2567E+03
  2.7127E+03  2.7448E+03  2.0910E-03  1.3496E+03  3.8405E+03  9.3219E+03
  2.6804E+03  2.7504E+03  1.6039E-03  1.0214E+03  3.8214E+03  9.3897E+03
  2.6481E+03  2.7559E+03  1.2200E-03  7.6664E+02  3.8021E+03  9.4605E+03
  2.6157E+03  2.7614E+03  9.1985E-04  5.7051E+02  3.7827E+03  9.5341E+03
  2.5834E+03  2.7668E+03  6.8732E-04  4.2082E+02  3.7631E+03  9.6109E+03
  2.5511E+03  2.7722E+03  5.0878E-04  3.0759E+02  3.7433E+03  9.6910E+03
  2.5187E+03  2.7775E+03  3.7299E-04  2.2271E+02  3.7234E+03  9.7744E+03
  2.4864E+03  2.7828E+03  2.7072E-04  1.5969E+02  3.7032E+03  9.8612E+03
  2.4540E+03  2.7880E+03  1.9448E-04  1.1337E+02  3.6829E+03  9.9518E+03
  2.4217E+03  2.7932E+03  1.3823E-04  7.9652E+01  3.6624E+03  1.0046E+04
  2.3894E+03  2.7983E+03  9.7182E-05  5.5371E+01  3.6416E+03  1.0144E+04
  2.3570E+03  2.8034E+03  6.7555E-05  3.8072E+01  3.6206E+03  1.0246E+04
  2.3247E+03  2.8084E+03  4.6419E-05  2.5884E+01  3.5995E+03  1.0353E+04
  2.2924E+03  2.8134E+03  3.1517E-05  1.7394E+01  3.5781E+03  1.0463E+04
  2.2600E+03  2.8184E+03  2.1138E-05  1.1550E+01  3.5564E+03  1.0578E+04
  2.2277E+03  2.8233E+03  1.4000E-05  7.5755E+00  3.5345E+03  1.0697E+04
  2.1953E+03  2.8282E+03  9.1525E-06  4.9061E+00  3.5124E+03  1.0821E+04
  2.1630E+03  2.8330E+03  5.9044E-06  3.1361E+00  3.4900E+03  1.0950E+04
  2.1414E+03  3.0327E+03  4.2850E-06  2.2641E+00  3.0108E+03  1.1048E+04
  2.0693E+03  3.0420E+03  1.4032E-06  7.2909E-01  2.9532E+03  1.1389E+04
  1.9972E+03  3.0510E+03  4.2547E-07  2.1747E-01  2.8938E+03  1.1756E+04
  1.9251E+03  3.0600E+03  1.1882E-07  5.9716E-02  2.8325E+03  1.2147E+04
  1.8530E+03  3.0688E+03  3.0363E-08  1.4987E-02  2.7691E+03  1.2561E+04
  1.7809E+03  3.0775E+03  7.0430E-09  3.4073E-03  2.7035E+03  1.2997E+04
  1.7088E+03  3.0860E+03  1.4681E-09  6.9432E-04  2.6354E+03  1.3456E+04
  1.6367E+03  3.0945E+03  2.7160E-10  1.2518E-04  2.5647E+03  1.3940E+04
  1.5646E+03  3.1028E+03  4.3921E-11  1.9663E-05  2.4912E+03  1.4451E+04
  1.4925E+03  3.1109E+03  6.0941E-12  2.6405E-06  2.4146E+03  1.4995E+04
  1.4204E+03  3.1190E+03  7.0925E-13  2.9633E-07  2.3347E+03  1.5581E+04
  1.3483E+03  3.1269E+03  6.7344E-14  2.7024E-08  2.2511E+03  1.6218E+04
  1.2762E+03  3.1347E+03  5.0409E-15  1.9347E-09  2.1635E+03  1.6917E+04
  1.2041E+03  3.1423E+03  2.8497E-16  1.0413E-10  2.0714E+03  1.7692E+04
  1.1320E+03  3.1499E+03  1.1523E-17  3.9890E-12  1.9746E+03  1.8559E+04
  1.0599E+03  3.1572E+03  3.1089E-19  1.0138E-13  1.8723E+03  1.9539E+04
  9.8777E+02  3.1645E+03  5.1105E-21  1.5601E-15  1.7641E+03  2.0658E+04
  9.1567E+02  3.1715E+03  4.5395E-23  1.2882E-17  1.6494E+03  2.1952E+04
  8.4357E+02  3.1784E+03  1.8533E-25  4.8510E-20  1.5272E+03  2.3466E+04
  7.7147E+02  3.1851E+03  7.3040E-31  2.3250E-25  1.3970E+03  3.6854E+04
  6.9937E+02  3.1915E+03  1.1445E-34  3.3065E-29  1.2578E+03  4.0416E+04
  6.2727E+02  3.1977E+03  2.3622E-39  6.1250E-34  1.1088E+03  4.4810E+04
  5.5517E+02  3.2036E+03  2.8026E-45  6.6554E-40  9.4941E+02  5.0363E+04
  4.8307E+02  3.2090E+03  0.0000E+00  0.0000E+00  7.7968E+02  3.6188E+04
  4.1097E+02  3.2139E+03  0.0000E+00  0.0000E+00  6.0101E+02  4.2280E+04
  3.3887E+02  3.2180E+03  0.0000E+00  0.0000E+00  4.1803E+02  5.1007E+04
  2.6677E+02  3.2213E+03  0.0000E+00  0.0000E+00  2.4178E+02  6.4505E+04
  1.9467E+02  3.2233E+03  0.0000E+00  0.0000E+00  9.4208E+01  5.1234E+04
