#  Density    Pressure      Temp.      Energy    Sound Speed   Entropy   Shock Speed Part. Speed    Phase
  3.2200E+03  1.0000E+05  2.9800E+02  7.1782E+04  5.8524E+03  3.1618E+02  5.8524E+03  0.0000E+00  4.0000E+00
  3.3571E+03  4.8047E+09  3.0679E+02  1.0225E+05  5.9773E+03  3.1820E+02  6.0445E+03  2.4685E+02  4.0000E+00
  3.4555E+03  8.3876E+09  3.1585E+02  1.6055E+05  6.0861E+03  3.2649E+02  6.1823E+03  4.2134E+02  4.0000E+00
  3.5266E+03  1.1068E+10  3.2516E+02  2.2119E+05  6.1792E+03  3.3898E+02  6.2881E+03  5.4664E+02  4.0000E+00
  3.5829E+03  1.3257E+10  3.3476E+02  2.8028E+05  6.2607E+03  3.5392E+02  6.3757E+03  6.4574E+02  4.0000E+00
  3.6304E+03  1.5154E+10  3.4464E+02  3.3781E+05  6.3343E+03  3.7054E+02  6.4521E+03  7.2942E+02  4.0000E+00
  3.6722E+03  1.6864E+10  3.5481E+02  3.9428E+05  6.4026E+03  3.8846E+02  6.5213E+03  8.0311E+02  4.0000E+00
  3.7101E+03  1.8446E+10  3.6527E+02  4.5014E+05  6.4669E+03  4.0747E+02  6.5854E+03  8.6988E+02  4.0000E+00
  3.7450E+03  1.9936E+10  3.7605E+02  5.0574E+05  6.5284E+03  4.2746E+02  6.6458E+03  9.3161E+02  4.0000E+00
  3.7776E+03  2.1359E+10  3.8715E+02  5.6137E+05  6.5875E+03  4.4834E+02  6.7034E+03  9.8953E+02  4.0000E+00
  3.8086E+03  2.2732E+10  3.9857E+02  6.1727E+05  6.6450E+03  4.7005E+02  6.7588E+03  1.0445E+03  4.0000E+00
  3.8381E+03  2.4067E+10  4.1033E+02  6.7360E+05  6.7011E+03  4.9255E+02  6.8127E+03  1.0971E+03  4.0000E+00
  3.8664E+03  2.5374E+10  4.2244E+02  7.3053E+05  6.7561E+03  5.1580E+02  6.8652E+03  1.1478E+03  4.0000E+00
  3.8939E+03  2.6659E+10  4.3490E+02  7.8818E+05  6.8102E+03  5.3978E+02  6.9167E+03  1.1970E+03  4.0000E+00
  3.9205E+03  2.7929E+10  4.4774E+02  8.4665E+05  6.8637E+03  5.6446E+02  6.9675E+03  1.2449E+03  4.0000E+00
  3.9464E+03  2.9188E+10  4.6095E+02  9.0605E+05  6.9166E+03  5.8982E+02  7.0175E+03  1.2917E+03  4.0000E+00
  3.9718E+03  3.0440E+10  4.7455E+02  9.6645E+05  6.9690E+03  6.1584E+02  7.0671E+03  1.3377E+03  4.0000E+00
  3.9966E+03  3.1687E+10  4.8855E+02  1.0279E+06  7.0211E+03  6.4250E+02  7.1163E+03  1.3828E+03  4.0000E+00
  4.0210E+03  3.2933E+10  5.0296E+02  1.0905E+06  7.0729E+03  6.6978E+02  7.1652E+03  1.4274E+03  4.0000E+00
  4.0451E+03  3.4180E+10  5.1780E+02  1.1544E+06  7.1245E+03  6.9766E+02  7.2139E+03  1.4714E+03  4.0000E+00
  4.0688E+03  3.5429E+10  5.3308E+02  1.2194E+06  7.1759E+03  7.2613E+02  7.2625E+03  1.5150E+03  4.0000E+00
  4.0922E+03  3.6682E+10  5.4881E+02  1.2858E+06  7.2272E+03  7.5517E+02  7.3109E+03  1.5582E+03  4.0000E+00
  4.1153E+03  3.7942E+10  5.6501E+02  1.3536E+06  7.2785E+03  7.8475E+02  7.3594E+03  1.6011E+03  4.0000E+00
  4.1382E+03  3.9208E+10  5.8168E+02  1.4227E+06  7.3296E+03  8.1487E+02  7.4078E+03  1.6437E+03  4.0000E+00
  4.1609E+03  4.0483E+10  5.9884E+02  1.4933E+06  7.3808E+03  8.4551E+02  7.4563E+03  1.6861E+03  4.0000E+00
  4.1835E+03  4.1767E+10  6.1651E+02  1.5654E+06  7.4320E+03  8.7664E+02  7.5048E+03  1.7284E+03  4.0000E+00
  4.2058E+03  4.3061E+10  6.3470E+02  1.6390E+06  7.4831E+03  9.0826E+02  7.5535E+03  1.7705E+03  4.0000E+00
  4.2280E+03  4.4367E+10  6.5343E+02  1.7143E+06  7.5344E+03  9.4035E+02  7.6023E+03  1.8124E+03  4.0000E+00
  4.2500E+03  4.5685E+10  6.7271E+02  1.7911E+06  7.5857E+03  9.7289E+02  7.6512E+03  1.8543E+03  4.0000E+00
  4.2720E+03  4.7017E+10  6.9256E+02  1.8696E+06  7.6370E+03  1.0059E+03  7.7003E+03  1.8962E+03  4.0000E+00
  4.2938E+03  4.8361E+10  7.1299E+02  1.9498E+06  7.6885E+03  1.0393E+03  7.7497E+03  1.9380E+03  4.0000E+00
  4.3155E+03  4.9721E+10  7.3403E+02  2.0317E+06  7.7400E+03  1.0731E+03  7.7992E+03  1.9798E+03  4.0000E+00
  4.3371E+03  5.1095E+10  7.5569E+02  2.1154E+06  7.7917E+03  1.1072E+03  7.8490E+03  2.0217E+03  4.0000E+00
  4.3587E+03  5.2486E+10  7.7798E+02  2.2009E+06  7.8435E+03  1.1418E+03  7.8990E+03  2.0635E+03  4.0000E+00
  4.3801E+03  5.3893E+10  8.0094E+02  2.2883E+06  7.8954E+03  1.1767E+03  7.9493E+03  2.1055E+03  4.0000E+00
  4.4015E+03  5.5317E+10  8.2457E+02  2.3775E+06  7.9475E+03  1.2120E+03  7.9998E+03  2.1474E+03  4.0000E+00
  4.4229E+03  5.6759E+10  8.4890E+02  2.4688E+06  7.9997E+03  1.2476E+03  8.0506E+03  2.1895E+03  4.0000E+00
  4.4442E+03  5.8219E+10  8.7395E+02  2.5620E+06  8.0520E+03  1.2835E+03  8.1018E+03  2.2317E+03  4.0000E+00
  4.4654E+03  5.9698E+10  8.9974E+02  2.6572E+06  8.1045E+03  1.3198E+03  8.1532E+03  2.2739E+03  4.0000E+00
  4.4866E+03  6.1197E+10  9.2628E+02  2.7544E+06  8.1572E+03  1.3563E+03  8.2050E+03  2.3163E+03  4.0000E+00
  4.5077E+03  6.2716E+10  9.5361E+02  2.8538E+06  8.2101E+03  1.3931E+03  8.2571E+03  2.3588E+03  4.0000E+00
  4.5289E+03  6.4256E+10  9.8175E+02  2.9554E+06  8.2631E+03  1.4301E+03  8.3095E+03  2.4015E+03  4.0000E+00
  4.5500E+03  6.5817E+10  1.0107E+03  3.0591E+06  8.3163E+03  1.4675E+03  8.3623E+03  2.4443E+03  4.0000E+00
  4.5710E+03  6.7400E+10  1.0405E+03  3.1651E+06  8.3698E+03  1.5050E+03  8.4155E+03  2.4873E+03  4.0000E+00
  4.5921E+03  6.9006E+10  1.0712E+03  3.2734E+06  8.4234E+03  1.5428E+03  8.4690E+03  2.5305E+03  4.0000E+00
  4.6131E+03  7.0635E+10  1.1029E+03  3.3840E+06  8.4772E+03  1.5809E+03  8.5229E+03  2.5738E+03  4.0000E+00
  4.6341E+03  7.2288E+10  1.1354E+03  3.4971E+06  8.5312E+03  1.6191E+03  8.5772E+03  2.6174E+03  4.0000E+00
  4.6551E+03  7.3965E+10  1.1689E+03  3.6125E+06  8.5855E+03  1.6575E+03  8.6319E+03  2.6611E+03  4.0000E+00
  4.6761E+03  7.5667E+10  1.2034E+03  3.7305E+06  8.6399E+03  1.6962E+03  8.6870E+03  2.7051E+03  4.0000E+00
  4.6971E+03  7.7394E+10  1.2389E+03  3.8510E+06  8.6946E+03  1.7350E+03  8.7425E+03  2.7493E+03  4.0000E+00
  4.7181E+03  7.9148E+10  1.2754E+03  3.9741E+06  8.7496E+03  1.7740E+03  8.7985E+03  2.7937E+03  4.0000E+00
  4.7391E+03  8.0929E+10  1.3131E+03  4.0999E+06  8.8047E+03  1.8131E+03  8.8549E+03  2.8384E+03  4.0000E+00
  4.7601E+03  8.2738E+10  1.3518E+03  4.2284E+06  8.8601E+03  1.8524E+03  8.9117E+03  2.8833E+03  4.0000E+00
  4.7811E+03  8.4575E+10  1.3917E+03  4.3597E+06  8.9158E+03  1.8919E+03  8.9690E+03  2.9285E+03  4.0000E+00
  4.8021E+03  8.6441E+10  1.4328E+03  4.4939E+06  8.9717E+03  1.9315E+03  9.0268E+03  2.9739E+03  4.0000E+00
  4.8231E+03  8.8336E+10  1.4751E+03  4.6309E+06  9.0279E+03  1.9712E+03  9.0850E+03  3.0196E+03  4.0000E+00
  4.8441E+03  9.0262E+10  1.5186E+03  4.7709E+06  9.0844E+03  2.0111E+03  9.1438E+03  3.0657E+03  4.0000E+00
  4.8651E+03  9.2219E+10  1.5634E+03  4.9140E+06  9.1411E+03  2.0510E+03  9.2030E+03  3.1120E+03  4.0000E+00
  4.8862E+03  9.4208E+10  1.6095E+03  5.0602E+06  9.1982E+03  2.0911E+03  9.2627E+03  3.1586E+03  4.0000E+00
  4.9073E+03  9.6230E+10  1.6570E+03  5.2095E+06  9.2555E+03  2.1313E+03  9.3229E+03  3.2055E+03  4.0000E+00
  4.9284E+03  9.8285E+10  1.7059E+03  5.3621E+06  9.3131E+03  2.1716E+03  9.3837E+03  3.2528E+03  4.0000E+00
  4.9495E+03  1.0037E+11  1.7562E+03  5.5180E+06  9.3710E+03  2.2120E+03  9.4450E+03  3.3004E+03  4.0000E+00
  4.9707E+03  1.0250E+11  1.8080E+03  5.6773E+06  9.4292E+03  2.2525E+03  9.5069E+03  3.3483E+03  4.0000E+00
  4.9918E+03  1.0466E+11  1.8614E+03  5.8401E+06  9.4878E+03  2.2930E+03  9.5693E+03  3.3966E+03  4.0000E+00
  5.0130E+03  1.0686E+11  1.9163E+03  6.0065E+06  9.5467E+03  2.3337E+03  9.6322E+03  3.4452E+03  4.0000E+00
  5.0343E+03  1.0909E+11  1.9729E+03  6.1764E+06  9.6059E+03  2.3744E+03  9.6958E+03  3.4942E+03  4.0000E+00
  5.0555E+03  1.1136E+11  2.0311E+03  6.3501E+06  9.6654E+03  2.4152E+03  9.7599E+03  3.5435E+03  4.0000E+00
  5.0768E+03  1.1368E+11  2.0910E+03  6.5277E+06  9.7253E+03  2.4560E+03  9.8246E+03  3.5933E+03  4.0000E+00
  5.0981E+03  1.1603E+11  2.1527E+03  6.7091E+06  9.7856E+03  2.4969E+03  9.8900E+03  3.6434E+03  4.0000E+00
  5.1195E+03  1.1842E+11  2.2162E+03  6.8945E+06  9.8462E+03  2.5379E+03  9.9559E+03  3.6940E+03  4.0000E+00
  5.1409E+03  1.2086E+11  2.2816E+03  7.0840E+06  9.9072E+03  2.5789E+03  1.0023E+04  3.7449E+03  4.0000E+00
  5.1623E+03  1.2334E+11  2.3489E+03  7.2777E+06  9.9686E+03  2.6200E+03  1.0090E+04  3.7963E+03  4.0000E+00
  5.1838E+03  1.2586E+11  2.4182E+03  7.4757E+06  1.0030E+04  2.6611E+03  1.0158E+04  3.8481E+03  4.0000E+00
  5.2053E+03  1.2843E+11  2.4896E+03  7.6780E+06  1.0093E+04  2.7022E+03  1.0226E+04  3.9003E+03  4.0000E+00
  5.2269E+03  1.3105E+11  2.5630E+03  7.8849E+06  1.0155E+04  2.7434E+03  1.0295E+04  3.9530E+03  4.0000E+00
  5.2485E+03  1.3371E+11  2.6387E+03  8.0963E+06  1.0218E+04  2.7847E+03  1.0365E+04  4.0061E+03  4.0000E+00
  5.2701E+03  1.3642E+11  2.7165E+03  8.3125E+06  1.0282E+04  2.8259E+03  1.0436E+04  4.0597E+03  4.0000E+00
  5.2918E+03  1.3919E+11  2.7967E+03  8.5335E+06  1.0345E+04  2.8672E+03  1.0507E+04  4.1138E+03  4.0000E+00
  5.3136E+03  1.4200E+11  2.8792E+03  8.7594E+06  1.0410E+04  2.9085E+03  1.0580E+04  4.1684E+03  4.0000E+00
  5.3353E+03  1.4487E+11  2.9642E+03  8.9905E+06  1.0474E+04  2.9499E+03  1.0652E+04  4.2234E+03  4.0000E+00
  5.3572E+03  1.4779E+11  3.0516E+03  9.2267E+06  1.0540E+04  2.9913E+03  1.0726E+04  4.2790E+03  4.0000E+00
  5.3791E+03  1.5076E+11  3.1417E+03  9.4682E+06  1.0605E+04  3.0327E+03  1.0800E+04  4.3351E+03  4.0000E+00
  5.4010E+03  1.5379E+11  3.2344E+03  9.7153E+06  1.0671E+04  3.0741E+03  1.0876E+04  4.3917E+03  4.0000E+00
  5.4230E+03  1.5688E+11  3.3298E+03  9.9679E+06  1.0738E+04  3.1156E+03  1.0951E+04  4.4488E+03  4.0000E+00
  5.4450E+03  1.6003E+11  3.4280E+03  1.0226E+07  1.0805E+04  3.1570E+03  1.1028E+04  4.5065E+03  4.0000E+00
  5.4671E+03  1.6324E+11  3.5292E+03  1.0491E+07  1.0873E+04  3.1985E+03  1.1106E+04  4.5648E+03  4.0000E+00
  5.4893E+03  1.6652E+11  3.6333E+03  1.0761E+07  1.0941E+04  3.2400E+03  1.1184E+04  4.6237E+03  4.0000E+00
  5.5115E+03  1.6985E+11  3.7405E+03  1.1037E+07  1.1010E+04  3.2816E+03  1.1264E+04  4.6831E+03  4.0000E+00
  5.5338E+03  1.7326E+11  3.8509E+03  1.1320E+07  1.1079E+04  3.3231E+03  1.1344E+04  4.7431E+03  4.0000E+00
  5.5561E+03  1.7673E+11  3.9645E+03  1.1610E+07  1.1149E+04  3.3647E+03  1.1425E+04  4.8038E+03  4.0000E+00
  5.5785E+03  1.8027E+11  4.0815E+03  1.1906E+07  1.1220E+04  3.4063E+03  1.1507E+04  4.8650E+03  4.0000E+00
  5.6009E+03  1.8388E+11  4.2019E+03  1.2209E+07  1.1291E+04  3.4479E+03  1.1590E+04  4.9269E+03  4.0000E+00
  5.6234E+03  1.8756E+11  4.3259E+03  1.2519E+07  1.1363E+04  3.4895E+03  1.1674E+04  4.9895E+03  4.0000E+00
  5.6460E+03  1.9132E+11  4.4535E+03  1.2837E+07  1.1435E+04  3.5311E+03  1.1759E+04  5.0527E+03  4.0000E+00
  5.6686E+03  1.9516E+11  4.5849E+03  1.3162E+07  1.1508E+04  3.5728E+03  1.1845E+04  5.1166E+03  4.0000E+00
  5.6913E+03  1.9907E+11  4.7202E+03  1.3494E+07  1.1582E+04  3.6145E+03  1.1932E+04  5.1812E+03  4.0000E+00
  5.7141E+03  2.0307E+11  4.8595E+03  1.3835E+07  1.1656E+04  3.6562E+03  1.2020E+04  5.2465E+03  4.0000E+00
  5.8028E+03  2.1985E+11  5.0029E+03  1.5266E+07  1.1910E+04  3.8310E+03  1.2385E+04  5.5126E+03  5.0000E+00
  5.8948E+03  2.3818E+11  5.1505E+03  1.6854E+07  1.2176E+04  4.0233E+03  1.2768E+04  5.7935E+03  6.0000E+00
  5.9131E+03  2.4193E+11  5.3025E+03  1.7181E+07  1.2241E+04  4.0619E+03  1.2844E+04  5.8497E+03  6.0000E+00
  5.9315E+03  2.4577E+11  5.4589E+03  1.7517E+07  1.2306E+04  4.1006E+03  1.2922E+04  5.9069E+03  6.0000E+00
  5.9500E+03  2.4970E+11  5.6200E+03  1.7862E+07  1.2372E+04  4.1393E+03  1.3000E+04  5.9650E+03  6.0000E+00
  5.9688E+03  2.5373E+11  5.7858E+03  1.8216E+07  1.2439E+04  4.1780E+03  1.3081E+04  6.0240E+03  6.0000E+00
  5.9877E+03  2.5786E+11  5.9566E+03  1.8580E+07  1.2507E+04  4.2169E+03  1.3162E+04  6.0840E+03  6.0000E+00
  6.0068E+03  2.6209E+11  6.1323E+03  1.8952E+07  1.2576E+04  4.2557E+03  1.3245E+04  6.1450E+03  6.0000E+00
  6.0260E+03  2.6642E+11  6.3132E+03  1.9335E+07  1.2646E+04  4.2946E+03  1.3330E+04  6.2070E+03  6.0000E+00
  6.0454E+03  2.7086E+11  6.4995E+03  1.9728E+07  1.2718E+04  4.3336E+03  1.3416E+04  6.2700E+03  6.0000E+00
  6.0649E+03  2.7540E+11  6.6913E+03  2.0131E+07  1.2790E+04  4.3726E+03  1.3503E+04  6.3340E+03  6.0000E+00
  6.0846E+03  2.8006E+11  6.8887E+03  2.0545E+07  1.2863E+04  4.4117E+03  1.3592E+04  6.3990E+03  6.0000E+00
  6.1044E+03  2.8483E+11  7.0920E+03  2.0970E+07  1.2938E+04  4.4508E+03  1.3682E+04  6.4650E+03  6.0000E+00
  6.1244E+03  2.8972E+11  7.3013E+03  2.1406E+07  1.3013E+04  4.4900E+03  1.3774E+04  6.5322E+03  6.0000E+00
  6.1445E+03  2.9473E+11  7.5167E+03  2.1854E+07  1.3090E+04  4.5292E+03  1.3868E+04  6.6004E+03  6.0000E+00
  6.1648E+03  2.9986E+11  7.7385E+03  2.2314E+07  1.3168E+04  4.5685E+03  1.3963E+04  6.6696E+03  6.0000E+00
  6.1852E+03  3.0513E+11  7.9668E+03  2.2786E+07  1.3247E+04  4.6078E+03  1.4059E+04  6.7400E+03  6.0000E+00
  6.2057E+03  3.1052E+11  8.2019E+03  2.3270E+07  1.3327E+04  4.6472E+03  1.4157E+04  6.8115E+03  6.0000E+00
  6.2264E+03  3.1604E+11  8.4439E+03  2.3768E+07  1.3409E+04  4.6866E+03  1.4257E+04  6.8842E+03  6.0000E+00
  6.2473E+03  3.2171E+11  8.6930E+03  2.4278E+07  1.3491E+04  4.7261E+03  1.4359E+04  6.9580E+03  6.0000E+00
  6.2682E+03  3.2751E+11  8.9495E+03  2.4803E+07  1.3575E+04  4.7655E+03  1.4462E+04  7.0329E+03  6.0000E+00
  6.2893E+03  3.3346E+11  9.2136E+03  2.5341E+07  1.3660E+04  4.8051E+03  1.4567E+04  7.1091E+03  6.0000E+00
  6.3106E+03  3.3956E+11  9.4854E+03  2.5894E+07  1.3746E+04  4.8447E+03  1.4674E+04  7.1865E+03  6.0000E+00
  6.3319E+03  3.4581E+11  9.7653E+03  2.6463E+07  1.3834E+04  4.8843E+03  1.4782E+04  7.2651E+03  6.0000E+00
  6.3534E+03  3.5223E+11  1.0053E+04  2.7046E+07  1.3923E+04  4.9239E+03  1.4893E+04  7.3450E+03  6.0000E+00
  6.3751E+03  3.5880E+11  1.0350E+04  2.7645E+07  1.4013E+04  4.9636E+03  1.5005E+04  7.4261E+03  6.0000E+00
  6.3968E+03  3.6554E+11  1.0655E+04  2.8261E+07  1.4105E+04  5.0033E+03  1.5119E+04  7.5086E+03  6.0000E+00
  6.4187E+03  3.7246E+11  1.0970E+04  2.8894E+07  1.4198E+04  5.0431E+03  1.5235E+04  7.5924E+03  6.0000E+00
  6.4408E+03  3.7955E+11  1.1294E+04  2.9544E+07  1.4292E+04  5.0829E+03  1.5353E+04  7.6775E+03  6.0000E+00
  6.4629E+03  3.8683E+11  1.1627E+04  3.0212E+07  1.4388E+04  5.1228E+03  1.5473E+04  7.7640E+03  6.0000E+00
  6.4852E+03  3.9430E+11  1.1970E+04  3.0898E+07  1.4485E+04  5.1627E+03  1.5595E+04  7.8519E+03  6.0000E+00
  6.5076E+03  4.0196E+11  1.2323E+04  3.1604E+07  1.4583E+04  5.2026E+03  1.5719E+04  7.9413E+03  6.0000E+00
  6.5301E+03  4.0982E+11  1.2687E+04  3.2329E+07  1.4683E+04  5.2426E+03  1.5846E+04  8.0321E+03  6.0000E+00
  6.5528E+03  4.1789E+11  1.3061E+04  3.3075E+07  1.4785E+04  5.2826E+03  1.5974E+04  8.1244E+03  6.0000E+00
  6.5756E+03  4.2617E+11  1.3446E+04  3.3842E+07  1.4888E+04  5.3227E+03  1.6105E+04  8.2183E+03  6.0000E+00
  6.5985E+03  4.3468E+11  1.3843E+04  3.4631E+07  1.4992E+04  5.3628E+03  1.6237E+04  8.3137E+03  6.0000E+00
  6.6215E+03  4.4341E+11  1.4252E+04  3.5442E+07  1.5099E+04  5.4029E+03  1.6373E+04  8.4107E+03  6.0000E+00
  6.6447E+03  4.5238E+11  1.4672E+04  3.6276E+07  1.5206E+04  5.4431E+03  1.6510E+04  8.5093E+03  6.0000E+00
  6.6680E+03  4.6159E+11  1.5105E+04  3.7135E+07  1.5316E+04  5.4834E+03  1.6650E+04  8.6096E+03  6.0000E+00
  6.6914E+03  4.7105E+11  1.5551E+04  3.8018E+07  1.5427E+04  5.5237E+03  1.6792E+04  8.7116E+03  6.0000E+00
  6.7150E+03  4.8076E+11  1.6010E+04  3.8927E+07  1.5540E+04  5.5640E+03  1.6937E+04  8.8153E+03  6.0000E+00
  6.7387E+03  4.9075E+11  1.6482E+04  3.9862E+07  1.5654E+04  5.6044E+03  1.7084E+04  8.9208E+03  6.0000E+00
  6.7625E+03  5.0101E+11  1.6968E+04  4.0825E+07  1.5771E+04  5.6449E+03  1.7234E+04  9.0281E+03  6.0000E+00
  6.7865E+03  5.1156E+11  1.7469E+04  4.1817E+07  1.5889E+04  5.6854E+03  1.7387E+04  9.1373E+03  6.0000E+00
  6.8106E+03  5.2240E+11  1.7984E+04  4.2838E+07  1.6009E+04  5.7260E+03  1.7542E+04  9.2483E+03  6.0000E+00
  6.8348E+03  5.3354E+11  1.8515E+04  4.3889E+07  1.6131E+04  5.7667E+03  1.7700E+04  9.3613E+03  6.0000E+00
  6.8592E+03  5.4500E+11  1.9061E+04  4.4972E+07  1.6255E+04  5.8074E+03  1.7861E+04  9.4763E+03  6.0000E+00
  6.8837E+03  5.5679E+11  1.9624E+04  4.6087E+07  1.6380E+04  5.8482E+03  1.8025E+04  9.5932E+03  6.0000E+00
  6.9083E+03  5.6891E+11  2.0203E+04  4.7236E+07  1.6508E+04  5.8891E+03  1.8191E+04  9.7123E+03  6.0000E+00
  6.9330E+03  5.8138E+11  2.0799E+04  4.8420E+07  1.6638E+04  5.9301E+03  1.8361E+04  9.8334E+03  6.0000E+00
  6.9579E+03  5.9421E+11  2.1412E+04  4.9640E+07  1.6770E+04  5.9711E+03  1.8534E+04  9.9567E+03  6.0000E+00
  6.9830E+03  6.0740E+11  2.2044E+04  5.0897E+07  1.6904E+04  6.0122E+03  1.8710E+04  1.0082E+04  6.0000E+00
  7.0081E+03  6.2099E+11  2.2695E+04  5.2194E+07  1.7040E+04  6.0535E+03  1.8889E+04  1.0210E+04  6.0000E+00
  7.0334E+03  6.3496E+11  2.3364E+04  5.3530E+07  1.7178E+04  6.0948E+03  1.9071E+04  1.0340E+04  6.0000E+00
  7.0589E+03  6.4935E+11  2.4054E+04  5.4908E+07  1.7319E+04  6.1362E+03  1.9257E+04  1.0472E+04  6.0000E+00
  7.0844E+03  6.6416E+11  2.4763E+04  5.6328E+07  1.7462E+04  6.1777E+03  1.9446E+04  1.0607E+04  6.0000E+00
  7.1101E+03  6.7942E+11  2.5494E+04  5.7793E+07  1.7607E+04  6.2193E+03  1.9638E+04  1.0744E+04  6.0000E+00
  7.1360E+03  6.9512E+11  2.6246E+04  5.9304E+07  1.7755E+04  6.2610E+03  1.9834E+04  1.0884E+04  6.0000E+00
  7.1619E+03  7.1129E+11  2.7021E+04  6.0863E+07  1.7905E+04  6.3028E+03  2.0033E+04  1.1026E+04  6.0000E+00
  7.1880E+03  7.2794E+11  2.7818E+04  6.2471E+07  1.8057E+04  6.3448E+03  2.0237E+04  1.1171E+04  6.0000E+00
  7.2143E+03  7.4510E+11  2.8639E+04  6.4130E+07  1.8213E+04  6.3868E+03  2.0444E+04  1.1319E+04  6.0000E+00
  7.2406E+03  7.6277E+11  2.9484E+04  6.5841E+07  1.8370E+04  6.4290E+03  2.0654E+04  1.1469E+04  6.0000E+00
  7.2671E+03  7.8097E+11  3.0354E+04  6.7607E+07  1.8531E+04  6.4714E+03  2.0869E+04  1.1622E+04  6.0000E+00
  7.2936E+03  7.9973E+11  3.1250E+04  6.9430E+07  1.8694E+04  6.5138E+03  2.1087E+04  1.1778E+04  6.0000E+00
  7.3203E+03  8.1905E+11  3.2172E+04  7.1310E+07  1.8860E+04  6.5565E+03  2.1310E+04  1.1936E+04  6.0000E+00
  7.3471E+03  8.3897E+11  3.3121E+04  7.3251E+07  1.9028E+04  6.5992E+03  2.1537E+04  1.2098E+04  6.0000E+00
  7.3740E+03  8.5949E+11  3.4098E+04  7.5254E+07  1.9200E+04  6.6421E+03  2.1768E+04  1.2262E+04  6.0000E+00
  7.4010E+03  8.8063E+11  3.5104E+04  7.7322E+07  1.9374E+04  6.6852E+03  2.2003E+04  1.2430E+04  6.0000E+00
  7.4281E+03  9.0243E+11  3.6140E+04  7.9456E+07  1.9552E+04  6.7284E+03  2.2242E+04  1.2600E+04  6.0000E+00
  7.4553E+03  9.2489E+11  3.7206E+04  8.1659E+07  1.9732E+04  6.7719E+03  2.2486E+04  1.2774E+04  6.0000E+00
  7.4825E+03  9.4804E+11  3.8304E+04  8.3932E+07  1.9916E+04  6.8154E+03  2.2734E+04  1.2951E+04  6.0000E+00
  7.5098E+03  9.7190E+11  3.9434E+04  8.6279E+07  2.0102E+04  6.8592E+03  2.2987E+04  1.3131E+04  6.0000E+00
  7.5372E+03  9.9649E+11  4.0598E+04  8.8701E+07  2.0292E+04  6.9032E+03  2.3244E+04  1.3314E+04  6.0000E+00
  7.5646E+03  1.0218E+12  4.1796E+04  9.1201E+07  2.0486E+04  6.9473E+03  2.3506E+04  1.3500E+04  6.0000E+00
  7.5921E+03  1.0480E+12  4.3029E+04  9.3782E+07  2.0682E+04  6.9917E+03  2.3773E+04  1.3690E+04  6.0000E+00
  7.6196E+03  1.0749E+12  4.4299E+04  9.6445E+07  2.0882E+04  7.0363E+03  2.4044E+04  1.3883E+04  6.0000E+00
  7.6471E+03  1.1026E+12  4.5606E+04  9.9194E+07  2.1086E+04  7.0811E+03  2.4321E+04  1.4080E+04  6.0000E+00
  7.6747E+03  1.1312E+12  4.6951E+04  1.0203E+08  2.1293E+04  7.1261E+03  2.4602E+04  1.4280E+04  6.0000E+00
  7.7022E+03  1.1607E+12  4.8337E+04  1.0496E+08  2.1504E+04  7.1713E+03  2.4888E+04  1.4484E+04  6.0000E+00
  7.7297E+03  1.1911E+12  4.9763E+04  1.0798E+08  2.1718E+04  7.2168E+03  2.5180E+04  1.4691E+04  6.0000E+00
  7.7572E+03  1.2224E+12  5.1231E+04  1.1110E+08  2.1936E+04  7.2626E+03  2.5477E+04  1.4901E+04  6.0000E+00
  7.7847E+03  1.2547E+12  5.2743E+04  1.1431E+08  2.2158E+04  7.3085E+03  2.5778E+04  1.5116E+04  6.0000E+00
  7.8121E+03  1.2880E+12  5.4299E+04  1.1763E+08  2.2383E+04  7.3548E+03  2.6086E+04  1.5334E+04  6.0000E+00
  7.8395E+03  1.3222E+12  5.5901E+04  1.2106E+08  2.2613E+04  7.4013E+03  2.6398E+04  1.5555E+04  6.0000E+00
  7.8668E+03  1.3575E+12  5.7551E+04  1.2459E+08  2.2847E+04  7.4480E+03  2.6716E+04  1.5781E+04  6.0000E+00
  7.8940E+03  1.3939E+12  5.9249E+04  1.2823E+08  2.3084E+04  7.4951E+03  2.7040E+04  1.6010E+04  6.0000E+00
  7.9210E+03  1.4314E+12  6.0997E+04  1.3199E+08  2.3326E+04  7.5424E+03  2.7369E+04  1.6243E+04  6.0000E+00
  7.9480E+03  1.4701E+12  6.2797E+04  1.3586E+08  2.3572E+04  7.5900E+03  2.7703E+04  1.6480E+04  6.0000E+00
  7.9749E+03  1.5099E+12  6.4650E+04  1.3986E+08  2.3822E+04  7.6380E+03  2.8044E+04  1.6721E+04  6.0000E+00
  8.0016E+03  1.5509E+12  6.6557E+04  1.4398E+08  2.4076E+04  7.6862E+03  2.8390E+04  1.6965E+04  6.0000E+00
  8.0282E+03  1.5931E+12  6.8521E+04  1.4823E+08  2.4334E+04  7.7347E+03  2.8742E+04  1.7214E+04  6.0000E+00
  8.0546E+03  1.6367E+12  7.0543E+04  1.5261E+08  2.4598E+04  7.7835E+03  2.9100E+04  1.7467E+04  6.0000E+00
  8.0808E+03  1.6815E+12  7.2624E+04  1.5713E+08  2.4865E+04  7.8327E+03  2.9464E+04  1.7723E+04  6.0000E+00
  8.1069E+03  1.7277E+12  7.4767E+04  1.6179E+08  2.5137E+04  7.8822E+03  2.9834E+04  1.7984E+04  6.0000E+00
  8.1327E+03  1.7752E+12  7.6973E+04  1.6659E+08  2.5414E+04  7.9320E+03  3.0210E+04  1.8249E+04  6.0000E+00
  8.1584E+03  1.8242E+12  7.9244E+04  1.7153E+08  2.5695E+04  7.9821E+03  3.0593E+04  1.8518E+04  6.0000E+00
  8.1838E+03  1.8747E+12  8.1583E+04  1.7663E+08  2.5981E+04  8.0325E+03  3.0982E+04  1.8792E+04  6.0000E+00
  8.2090E+03  1.9266E+12  8.3990E+04  1.8189E+08  2.6271E+04  8.0833E+03  3.1377E+04  1.9069E+04  6.0000E+00
  8.2340E+03  1.9801E+12  8.6468E+04  1.8730E+08  2.6567E+04  8.1345E+03  3.1778E+04  1.9351E+04  6.0000E+00
  8.2587E+03  2.0352E+12  8.9019E+04  1.9288E+08  2.6867E+04  8.1859E+03  3.2187E+04  1.9637E+04  6.0000E+00
  8.2831E+03  2.0920E+12  9.1646E+04  1.9863E+08  2.7172E+04  8.2378E+03  3.2601E+04  1.9928E+04  6.0000E+00
  8.3073E+03  2.1504E+12  9.4350E+04  2.0455E+08  2.7483E+04  8.2899E+03  3.3023E+04  2.0223E+04  6.0000E+00
  8.3312E+03  2.2105E+12  9.7134E+04  2.1065E+08  2.7798E+04  8.3425E+03  3.3451E+04  2.0522E+04  6.0000E+00
  8.3548E+03  2.2724E+12  1.0000E+05  2.1694E+08  2.8119E+04  8.3953E+03  3.3886E+04  2.0826E+04  6.0000E+00
