# Temperature (K)   Density (sol/liq; kg/m3)   Density (vap; kg/m3)   Pressure (Pa)  Entropy (sol/liq; J/kg)   Entropy (vap; J/kg)
  3.0364E+04  1.7004E+03  1.7004E+03  4.2259E+09  2.9656E+03  2.9656E+03
  2.9888E+04  1.9530E+03  1.4529E+03  4.0658E+09  2.9320E+03  2.9905E+03
  2.9412E+04  2.0595E+03  1.3517E+03  3.9099E+09  2.9157E+03  2.9979E+03
  2.8936E+04  2.1422E+03  1.2745E+03  3.7582E+09  2.9024E+03  3.0024E+03
  2.8460E+04  2.2126E+03  1.2098E+03  3.6105E+09  2.8907E+03  3.0054E+03
  2.7984E+04  2.2753E+03  1.1530E+03  3.4668E+09  2.8799E+03  3.0073E+03
  2.7508E+04  2.3325E+03  1.1018E+03  3.3269E+09  2.8698E+03  3.0086E+03
  2.7032E+04  2.3857E+03  1.0549E+03  3.1909E+09  2.8602E+03  3.0094E+03
  2.6556E+04  2.4358E+03  1.0113E+03  3.0585E+09  2.8511E+03  3.0097E+03
  2.6080E+04  2.4833E+03  9.7059E+02  2.9297E+09  2.8422E+03  3.0097E+03
  2.5605E+04  2.5287E+03  9.3215E+02  2.8045E+09  2.8337E+03  3.0095E+03
  2.5129E+04  2.5725E+03  8.9568E+02  2.6827E+09  2.8253E+03  3.0090E+03
  2.4653E+04  2.6149E+03  8.6092E+02  2.5643E+09  2.8172E+03  3.0083E+03
  2.4177E+04  2.6560E+03  8.2766E+02  2.4492E+09  2.8091E+03  3.0076E+03
  2.3701E+04  2.6962E+03  7.9574E+02  2.3372E+09  2.8012E+03  3.0067E+03
  2.3225E+04  2.7355E+03  7.6500E+02  2.2284E+09  2.7934E+03  3.0057E+03
  2.2749E+04  2.7741E+03  7.3533E+02  2.1226E+09  2.7857E+03  3.0046E+03
  2.2273E+04  2.8122E+03  7.0663E+02  2.0198E+09  2.7780E+03  3.0036E+03
  2.1797E+04  2.8498E+03  6.7882E+02  1.9200E+09  2.7703E+03  3.0024E+03
  2.1321E+04  2.8871E+03  6.5182E+02  1.8229E+09  2.7626E+03  3.0013E+03
  2.0845E+04  2.9241E+03  6.2557E+02  1.7287E+09  2.7549E+03  3.0002E+03
  2.0370E+04  2.9609E+03  6.0001E+02  1.6371E+09  2.7472E+03  2.9991E+03
  1.9894E+04  2.9977E+03  5.7509E+02  1.5482E+09  2.7395E+03  2.9981E+03
  1.9418E+04  3.0346E+03  5.5077E+02  1.4620E+09  2.7317E+03  2.9971E+03
  1.8942E+04  3.0716E+03  5.2701E+02  1.3782E+09  2.7238E+03  2.9962E+03
  1.8466E+04  3.1088E+03  5.0377E+02  1.2970E+09  2.7157E+03  2.9954E+03
  1.7990E+04  3.1464E+03  4.8102E+02  1.2182E+09  2.7076E+03  2.9946E+03
  1.7514E+04  3.1844E+03  4.5873E+02  1.1418E+09  2.6993E+03  2.9940E+03
  1.7038E+04  3.2229E+03  4.3687E+02  1.0679E+09  2.6908E+03  2.9936E+03
  1.6562E+04  3.2622E+03  4.1543E+02  9.9621E+08  2.6821E+03  2.9932E+03
  1.6086E+04  3.3023E+03  3.9436E+02  9.2689E+08  2.6732E+03  2.9931E+03
  1.5610E+04  3.3434E+03  3.7367E+02  8.5988E+08  2.6640E+03  2.9931E+03
  1.5134E+04  3.3857E+03  3.5332E+02  7.9514E+08  2.6546E+03  2.9933E+03
  1.4659E+04  3.4293E+03  3.3331E+02  7.3268E+08  2.6447E+03  2.9938E+03
  1.4183E+04  3.4745E+03  3.1361E+02  6.7249E+08  2.6345E+03  2.9945E+03
  1.3707E+04  3.5216E+03  2.9421E+02  6.1457E+08  2.6238E+03  2.9955E+03
  1.3231E+04  3.5708E+03  2.7510E+02  5.5893E+08  2.6126E+03  2.9968E+03
  1.2755E+04  3.6226E+03  2.5627E+02  5.0559E+08  2.6008E+03  2.9984E+03
  1.2279E+04  3.6773E+03  2.3771E+02  4.5457E+08  2.5883E+03  3.0005E+03
  1.1803E+04  3.7354E+03  2.1943E+02  4.0591E+08  2.5751E+03  3.0030E+03
  1.1327E+04  3.7976E+03  2.0141E+02  3.5963E+08  2.5609E+03  3.0061E+03
  1.0851E+04  3.8645E+03  1.8366E+02  3.1579E+08  2.5456E+03  3.0099E+03
  1.0375E+04  3.9370E+03  1.6619E+02  2.7446E+08  2.5291E+03  3.0144E+03
  9.8995E+03  4.0161E+03  1.4903E+02  2.3569E+08  2.5112E+03  3.0198E+03
  9.4236E+03  4.1029E+03  1.3219E+02  1.9956E+08  2.4914E+03  3.0263E+03
  8.9477E+03  4.1991E+03  1.1572E+02  1.6618E+08  2.4695E+03  3.0342E+03
  8.4717E+03  4.3061E+03  9.9702E+01  1.3564E+08  2.4452E+03  3.0439E+03
  7.9958E+03  4.4259E+03  8.4214E+01  1.0806E+08  2.4178E+03  3.0558E+03
  7.5199E+03  4.5604E+03  6.9392E+01  8.3551E+07  2.3868E+03  3.0705E+03
  7.0440E+03  4.7114E+03  5.5414E+01  6.2241E+07  2.3516E+03  3.0890E+03
  6.5681E+03  4.8802E+03  4.2504E+01  4.4231E+07  2.3117E+03  3.1123E+03
  6.3302E+03  4.9713E+03  3.6534E+01  3.6484E+07  2.2898E+03  3.1263E+03
  6.0922E+03  5.0668E+03  3.0935E+01  2.9580E+07  2.2666E+03  3.1421E+03
  5.8542E+03  5.1664E+03  2.5745E+01  2.3513E+07  2.2420E+03  3.1602E+03
  5.6163E+03  5.2698E+03  2.1001E+01  1.8268E+07  2.2160E+03  3.1809E+03
  5.3783E+03  5.3765E+03  1.6735E+01  1.3822E+07  2.1887E+03  3.2045E+03
  5.1404E+03  5.4858E+03  1.2975E+01  1.0139E+07  2.1600E+03  3.2318E+03
  4.9024E+03  5.5973E+03  9.7367E+00  7.1702E+06  2.1300E+03  3.2634E+03
  4.6645E+03  5.7103E+03  7.0276E+00  4.8552E+06  2.0987E+03  3.3003E+03
  4.4265E+03  5.8240E+03  4.8388E+00  3.1204E+06  2.0661E+03  3.3435E+03
  4.1886E+03  5.9379E+03  3.1447E+00  1.8820E+06  2.0322E+03  3.3946E+03
  3.9506E+03  6.0513E+03  1.9021E+00  1.0497E+06  1.9971E+03  3.4556E+03
  3.7126E+03  6.1639E+03  1.0506E+00  5.3082E+05  1.9605E+03  3.5293E+03
  3.4747E+03  6.2751E+03  5.1636E-01  2.3699E+05  1.9225E+03  3.6195E+03
  3.2367E+03  6.3846E+03  2.1776E-01  9.0071E+04  1.8829E+03  3.7313E+03
  2.9988E+03  6.4921E+03  7.4875E-02  2.7705E+04  1.8414E+03  3.8724E+03
  2.7608E+03  6.5975E+03  1.9538E-02  6.4331E+03  1.7977E+03  4.0532E+03
  2.5229E+03  6.7004E+03  3.5053E-03  1.0262E+03  1.7515E+03  4.2882E+03
  2.2849E+03  6.8008E+03  3.8006E-04  9.9484E+01  1.7023E+03  4.5963E+03
  2.0470E+03  6.8987E+03  2.1262E-05  5.0340E+00  1.6493E+03  5.0007E+03
  1.8090E+03  6.9939E+03  5.0701E-07  1.0980E-01  1.5916E+03  5.5292E+03
  1.7909E+03  7.3303E+03  3.6186E-07  7.7867E-02  1.4499E+03  5.5772E+03
  1.7306E+03  7.3531E+03  1.1191E-07  2.3578E-02  1.4326E+03  5.7442E+03
  1.6703E+03  7.3757E+03  3.1934E-08  6.5854E-03  1.4148E+03  5.9230E+03
  1.6100E+03  7.3981E+03  8.3497E-09  1.6844E-03  1.3965E+03  6.1145E+03
  1.5497E+03  7.4204E+03  1.9840E-09  3.9116E-04  1.3775E+03  6.3199E+03
  1.4894E+03  7.4426E+03  4.2426E-10  8.1643E-05  1.3579E+03  6.5407E+03
  1.4291E+03  7.4646E+03  8.0694E-11  1.5132E-05  1.3375E+03  6.7786E+03
  1.3688E+03  7.4864E+03  1.3460E-11  2.4545E-06  1.3164E+03  7.0356E+03
  1.3085E+03  7.5081E+03  1.9356E-12  3.4246E-07  1.2945E+03  7.3142E+03
  1.2482E+03  7.5296E+03  2.3507E-13  4.0237E-08  1.2716E+03  7.6176E+03
  1.1879E+03  7.5510E+03  2.3503E-14  3.8802E-09  1.2477E+03  7.9494E+03
  1.1276E+03  7.5723E+03  1.8753E-15  2.9754E-10  1.2226E+03  8.3142E+03
  1.0673E+03  7.5934E+03  1.1487E-16  1.7446E-11  1.1963E+03  8.7177E+03
  1.0070E+03  7.6143E+03  5.1450E-18  7.4470E-13  1.1686E+03  9.1671E+03
  9.4671E+02  7.6351E+03  1.5846E-19  2.1751E-14  1.1393E+03  9.6715E+03
  8.8641E+02  7.6558E+03  3.1009E-21  4.0150E-16  1.1082E+03  1.0242E+04
  8.2611E+02  7.6763E+03  3.4795E-23  4.2240E-18  1.0751E+03  1.0895E+04
  7.6581E+02  7.6967E+03  1.9547E-25  2.2100E-20  1.0396E+03  1.1650E+04
  7.0551E+02  7.7169E+03  4.5794E-28  4.7861E-23  1.0013E+03  1.2533E+04
  6.4521E+02  7.7370E+03  3.4792E-31  3.3331E-26  9.5980E+02  1.3583E+04
  5.8491E+02  7.7570E+03  6.0084E-35  5.2256E-30  9.1437E+02  1.4851E+04
  5.2461E+02  7.7768E+03  1.4044E-39  1.0963E-34  8.6420E+02  1.6414E+04
  4.6431E+02  7.7965E+03  1.4013E-45  1.3979E-40  8.0810E+02  1.8389E+04
  4.0401E+02  7.8160E+03  0.0000E+00  0.0000E+00  7.4442E+02  2.0963E+04
  3.4371E+02  7.8354E+03  0.0000E+00  0.0000E+00  6.7070E+02  2.4451E+04
  2.8341E+02  7.8546E+03  0.0000E+00  0.0000E+00  5.8303E+02  2.9440E+04
  2.2311E+02  7.8738E+03  0.0000E+00  0.0000E+00  4.7469E+02  3.7153E+04
