#  Density    Pressure      Temp.      Energy    Sound Speed   Entropy   Shock Speed Part. Speed    Phase
  7.8500E+03  1.8416E-02  2.9800E+02  1.3418E+05  4.3415E+03  6.0581E+02  4.3415E+03  0.0000E+00  4.0000E+00
  7.9862E+03  2.6429E+09  3.0679E+02  1.3705E+05  4.4683E+03  6.0596E+02  4.4436E+03  7.5766E+01  4.0000E+00
  8.1180E+03  5.3542E+09  3.1585E+02  1.4544E+05  4.5950E+03  6.0691E+02  4.5452E+03  1.5006E+02  4.0000E+00
  8.2392E+03  7.9896E+09  3.2516E+02  1.5822E+05  4.7161E+03  6.0918E+02  4.6419E+03  2.1926E+02  4.0000E+00
  8.3476E+03  1.0474E+10  3.3476E+02  1.7395E+05  4.8278E+03  6.1282E+02  4.7312E+03  2.8202E+02  4.0000E+00
  8.4441E+03  1.2793E+10  3.4464E+02  1.9151E+05  4.9295E+03  6.1768E+02  4.8128E+03  3.3862E+02  4.0000E+00
  8.5305E+03  1.4960E+10  3.5481E+02  2.1019E+05  5.0222E+03  6.2354E+02  4.8876E+03  3.8990E+02  4.0000E+00
  8.6086E+03  1.6995E+10  3.6527E+02  2.2957E+05  5.1073E+03  6.3019E+02  4.9566E+03  4.3679E+02  4.0000E+00
  8.6800E+03  1.8921E+10  3.7605E+02  2.4942E+05  5.1860E+03  6.3748E+02  5.0207E+03  4.8008E+02  4.0000E+00
  8.7458E+03  2.0757E+10  3.8715E+02  2.6960E+05  5.2593E+03  6.4529E+02  5.0808E+03  5.2043E+02  4.0000E+00
  8.8071E+03  2.2517E+10  3.9857E+02  2.9005E+05  5.3281E+03  6.5352E+02  5.1376E+03  5.5833E+02  4.0000E+00
  8.8646E+03  2.4216E+10  4.1033E+02  3.1072E+05  5.3931E+03  6.6210E+02  5.1915E+03  5.9421E+02  4.0000E+00
  8.9189E+03  2.5862E+10  4.2244E+02  3.3160E+05  5.4550E+03  6.7097E+02  5.2430E+03  6.2837E+02  4.0000E+00
  8.9705E+03  2.7466E+10  4.3490E+02  3.5270E+05  5.5140E+03  6.8008E+02  5.2926E+03  6.6109E+02  4.0000E+00
  9.0197E+03  2.9033E+10  4.4774E+02  3.7400E+05  5.5707E+03  6.8941E+02  5.3403E+03  6.9257E+02  4.0000E+00
  9.0670E+03  3.0571E+10  4.6095E+02  3.9553E+05  5.6253E+03  6.9892E+02  5.3866E+03  7.2298E+02  4.0000E+00
  9.1124E+03  3.2083E+10  4.7455E+02  4.1729E+05  5.6781E+03  7.0859E+02  5.4315E+03  7.5247E+02  4.0000E+00
  9.1563E+03  3.3575E+10  4.8855E+02  4.3929E+05  5.7293E+03  7.1840E+02  5.4753E+03  7.8116E+02  4.0000E+00
  9.1989E+03  3.5050E+10  5.0296E+02  4.6155E+05  5.7791E+03  7.2833E+02  5.5181E+03  8.0916E+02  4.0000E+00
  9.2403E+03  3.6512E+10  5.1780E+02  4.8408E+05  5.8276E+03  7.3837E+02  5.5600E+03  8.3654E+02  4.0000E+00
  9.2805E+03  3.7962E+10  5.3308E+02  5.0689E+05  5.8750E+03  7.4850E+02  5.6011E+03  8.6338E+02  4.0000E+00
  9.3199E+03  3.9404E+10  5.4881E+02  5.3001E+05  5.9215E+03  7.5873E+02  5.6416E+03  8.8975E+02  4.0000E+00
  9.3583E+03  4.0840E+10  5.6501E+02  5.5344E+05  5.9670E+03  7.6903E+02  5.6815E+03  9.1571E+02  4.0000E+00
  9.3960E+03  4.2272E+10  5.8168E+02  5.7720E+05  6.0117E+03  7.7941E+02  5.7208E+03  9.4130E+02  4.0000E+00
  9.4330E+03  4.3702E+10  5.9884E+02  6.0131E+05  6.0557E+03  7.8984E+02  5.7596E+03  9.6657E+02  4.0000E+00
  9.4694E+03  4.5131E+10  6.1651E+02  6.2578E+05  6.0990E+03  8.0034E+02  5.7981E+03  9.9156E+02  4.0000E+00
  9.5052E+03  4.6561E+10  6.3470E+02  6.5062E+05  6.1418E+03  8.1089E+02  5.8362E+03  1.0163E+03  4.0000E+00
  9.5405E+03  4.7993E+10  6.5343E+02  6.7585E+05  6.1840E+03  8.2149E+02  5.8740E+03  1.0408E+03  4.0000E+00
  9.5754E+03  4.9430E+10  6.7271E+02  7.0148E+05  6.2257E+03  8.3214E+02  5.9115E+03  1.0652E+03  4.0000E+00
  9.6098E+03  5.0871E+10  6.9256E+02  7.2753E+05  6.2670E+03  8.4283E+02  5.9488E+03  1.0894E+03  4.0000E+00
  9.6438E+03  5.2317E+10  7.1299E+02  7.5401E+05  6.3079E+03  8.5355E+02  5.9858E+03  1.1134E+03  4.0000E+00
  9.6775E+03  5.3771E+10  7.3403E+02  7.8095E+05  6.3485E+03  8.6431E+02  6.0227E+03  1.1373E+03  4.0000E+00
  9.7109E+03  5.5234E+10  7.5569E+02  8.0834E+05  6.3887E+03  8.7510E+02  6.0595E+03  1.1612E+03  4.0000E+00
  9.7440E+03  5.6705E+10  7.7798E+02  8.3622E+05  6.4287E+03  8.8592E+02  6.0961E+03  1.1849E+03  4.0000E+00
  9.7768E+03  5.8186E+10  8.0094E+02  8.6459E+05  6.4684E+03  8.9677E+02  6.1327E+03  1.2086E+03  4.0000E+00
  9.8095E+03  5.9678E+10  8.2457E+02  8.9347E+05  6.5079E+03  9.0765E+02  6.1692E+03  1.2323E+03  4.0000E+00
  9.8419E+03  6.1182E+10  8.4890E+02  9.2287E+05  6.5471E+03  9.1855E+02  6.2056E+03  1.2559E+03  4.0000E+00
  9.8741E+03  6.2699E+10  8.7395E+02  9.5282E+05  6.5862E+03  9.2947E+02  6.2421E+03  1.2796E+03  4.0000E+00
  9.9062E+03  6.4229E+10  8.9974E+02  9.8332E+05  6.6252E+03  9.4041E+02  6.2785E+03  1.3032E+03  4.0000E+00
  9.9381E+03  6.5773E+10  9.2628E+02  1.0144E+06  6.6640E+03  9.5137E+02  6.3149E+03  1.3268E+03  4.0000E+00
  9.9699E+03  6.7332E+10  9.5361E+02  1.0461E+06  6.7026E+03  9.6235E+02  6.3514E+03  1.3505E+03  4.0000E+00
  1.0002E+04  6.8908E+10  9.8175E+02  1.0783E+06  6.7412E+03  9.7334E+02  6.3879E+03  1.3742E+03  4.0000E+00
  1.0033E+04  7.0499E+10  1.0107E+03  1.1112E+06  6.7797E+03  9.8435E+02  6.4245E+03  1.3979E+03  4.0000E+00
  1.0065E+04  7.2108E+10  1.0405E+03  1.1448E+06  6.8181E+03  9.9538E+02  6.4611E+03  1.4217E+03  4.0000E+00
  1.0096E+04  7.3735E+10  1.0712E+03  1.1790E+06  6.8565E+03  1.0064E+03  6.4978E+03  1.4456E+03  4.0000E+00
  1.0127E+04  7.5380E+10  1.1029E+03  1.2139E+06  6.8948E+03  1.0175E+03  6.5347E+03  1.4695E+03  4.0000E+00
  1.0159E+04  7.7046E+10  1.1354E+03  1.2494E+06  6.9331E+03  1.0285E+03  6.5716E+03  1.4935E+03  4.0000E+00
  1.0190E+04  7.8731E+10  1.1689E+03  1.2857E+06  6.9714E+03  1.0396E+03  6.6087E+03  1.5176E+03  4.0000E+00
  1.0221E+04  8.0437E+10  1.2034E+03  1.3228E+06  7.0097E+03  1.0507E+03  6.6459E+03  1.5418E+03  4.0000E+00
  1.0253E+04  8.2165E+10  1.2389E+03  1.3606E+06  7.0480E+03  1.0618E+03  6.6833E+03  1.5661E+03  4.0000E+00
  1.0284E+04  8.3915E+10  1.2754E+03  1.3991E+06  7.0863E+03  1.0729E+03  6.7208E+03  1.5906E+03  4.0000E+00
  1.0315E+04  8.5688E+10  1.3131E+03  1.4385E+06  7.1247E+03  1.0840E+03  6.7585E+03  1.6151E+03  4.0000E+00
  1.0346E+04  8.7485E+10  1.3518E+03  1.4786E+06  7.1631E+03  1.0951E+03  6.7964E+03  1.6398E+03  4.0000E+00
  1.0378E+04  8.9307E+10  1.3917E+03  1.5196E+06  7.2015E+03  1.1062E+03  6.8345E+03  1.6646E+03  4.0000E+00
  1.0409E+04  9.1154E+10  1.4328E+03  1.5615E+06  7.2400E+03  1.1173E+03  6.8727E+03  1.6896E+03  4.0000E+00
  1.0440E+04  9.3027E+10  1.4751E+03  1.6043E+06  7.2786E+03  1.1284E+03  6.9112E+03  1.7147E+03  4.0000E+00
  1.0472E+04  9.4926E+10  1.5186E+03  1.6479E+06  7.3172E+03  1.1396E+03  6.9499E+03  1.7400E+03  4.0000E+00
  1.0503E+04  9.6854E+10  1.5634E+03  1.6925E+06  7.3560E+03  1.1507E+03  6.9888E+03  1.7654E+03  4.0000E+00
  1.0535E+04  9.8809E+10  1.6095E+03  1.7380E+06  7.3948E+03  1.1618E+03  7.0280E+03  1.7910E+03  4.0000E+00
  1.0566E+04  1.0079E+11  1.6570E+03  1.7845E+06  7.4337E+03  1.1730E+03  7.0674E+03  1.8168E+03  4.0000E+00
  1.0598E+04  1.0281E+11  1.7059E+03  1.8320E+06  7.4728E+03  1.1841E+03  7.1071E+03  1.8427E+03  4.0000E+00
  1.0630E+04  1.0485E+11  1.7562E+03  1.8806E+06  7.5119E+03  1.1953E+03  7.1470E+03  1.8689E+03  4.0000E+00
  1.0661E+04  1.0693E+11  1.8080E+03  1.9302E+06  7.5512E+03  1.2064E+03  7.1872E+03  1.8953E+03  4.0000E+00
  1.0693E+04  1.0904E+11  1.8614E+03  1.9808E+06  7.5906E+03  1.2176E+03  7.2277E+03  1.9218E+03  4.0000E+00
  1.0725E+04  1.1118E+11  1.9163E+03  2.0326E+06  7.6301E+03  1.2287E+03  7.2684E+03  1.9486E+03  4.0000E+00
  1.0757E+04  1.1335E+11  1.9729E+03  2.0855E+06  7.6697E+03  1.2399E+03  7.3095E+03  1.9755E+03  4.0000E+00
  1.0790E+04  1.1557E+11  2.0311E+03  2.1396E+06  7.7096E+03  1.2510E+03  7.3509E+03  2.0027E+03  4.0000E+00
  1.0822E+04  1.1781E+11  2.0910E+03  2.1949E+06  7.7495E+03  1.2622E+03  7.3925E+03  2.0301E+03  4.0000E+00
  1.0854E+04  1.2009E+11  2.1527E+03  2.2514E+06  7.7896E+03  1.2733E+03  7.4345E+03  2.0578E+03  4.0000E+00
  1.0887E+04  1.2241E+11  2.2162E+03  2.3091E+06  7.8299E+03  1.2845E+03  7.4768E+03  2.0856E+03  4.0000E+00
  1.0920E+04  1.2477E+11  2.2816E+03  2.3682E+06  7.8704E+03  1.2956E+03  7.5195E+03  2.1138E+03  4.0000E+00
  1.0952E+04  1.2717E+11  2.3489E+03  2.4285E+06  7.9110E+03  1.3068E+03  7.5625E+03  2.1421E+03  4.0000E+00
  1.0985E+04  1.2961E+11  2.4182E+03  2.4903E+06  7.9518E+03  1.3179E+03  7.6058E+03  2.1707E+03  4.0000E+00
  1.1018E+04  1.3208E+11  2.4896E+03  2.5534E+06  7.9928E+03  1.3291E+03  7.6495E+03  2.1996E+03  4.0000E+00
  1.1052E+04  1.3460E+11  2.5630E+03  2.6179E+06  8.0339E+03  1.3402E+03  7.6936E+03  2.2288E+03  4.0000E+00
  1.1085E+04  1.3717E+11  2.6387E+03  2.6838E+06  8.0753E+03  1.3514E+03  7.7380E+03  2.2582E+03  4.0000E+00
  1.1118E+04  1.3978E+11  2.7165E+03  2.7513E+06  8.1169E+03  1.3625E+03  7.7828E+03  2.2879E+03  4.0000E+00
  1.1152E+04  1.4243E+11  2.7967E+03  2.8203E+06  8.1586E+03  1.3737E+03  7.8280E+03  2.3178E+03  4.0000E+00
  1.1186E+04  1.4513E+11  2.8792E+03  2.8909E+06  8.2006E+03  1.3848E+03  7.8736E+03  2.3481E+03  4.0000E+00
  1.1220E+04  1.4787E+11  2.9642E+03  2.9631E+06  8.2428E+03  1.3959E+03  7.9195E+03  2.3786E+03  4.0000E+00
  1.1254E+04  1.5067E+11  3.0516E+03  3.0369E+06  8.2852E+03  1.4071E+03  7.9659E+03  2.4094E+03  4.0000E+00
  1.1288E+04  1.5351E+11  3.1417E+03  3.1124E+06  8.3278E+03  1.4182E+03  8.0127E+03  2.4406E+03  4.0000E+00
  1.1323E+04  1.5641E+11  3.2344E+03  3.1897E+06  8.3707E+03  1.4293E+03  8.0600E+03  2.4720E+03  4.0000E+00
  1.1357E+04  1.5935E+11  3.3298E+03  3.2687E+06  8.4138E+03  1.4404E+03  8.1076E+03  2.5038E+03  4.0000E+00
  1.1392E+04  1.6235E+11  3.4280E+03  3.3495E+06  8.4571E+03  1.4516E+03  8.1557E+03  2.5359E+03  4.0000E+00
  1.1427E+04  1.6541E+11  3.5292E+03  3.4323E+06  8.5006E+03  1.4627E+03  8.2042E+03  2.5683E+03  4.0000E+00
  1.1462E+04  1.6852E+11  3.6333E+03  3.5169E+06  8.5444E+03  1.4738E+03  8.2532E+03  2.6010E+03  4.0000E+00
  1.1498E+04  1.7168E+11  3.7405E+03  3.6035E+06  8.5884E+03  1.4849E+03  8.3027E+03  2.6341E+03  4.0000E+00
  1.1533E+04  1.7490E+11  3.8509E+03  3.6921E+06  8.6327E+03  1.4960E+03  8.3526E+03  2.6675E+03  4.0000E+00
  1.1569E+04  1.7819E+11  3.9645E+03  3.7827E+06  8.6773E+03  1.5071E+03  8.4029E+03  2.7013E+03  4.0000E+00
  1.1605E+04  1.8153E+11  4.0815E+03  3.8755E+06  8.7221E+03  1.5181E+03  8.4538E+03  2.7354E+03  4.0000E+00
  1.1641E+04  1.8493E+11  4.2019E+03  3.9704E+06  8.7671E+03  1.5292E+03  8.5051E+03  2.7699E+03  4.0000E+00
  1.1678E+04  1.8840E+11  4.3259E+03  4.0675E+06  8.8124E+03  1.5403E+03  8.5570E+03  2.8048E+03  4.0000E+00
  1.1714E+04  1.9194E+11  4.4535E+03  4.1670E+06  8.8580E+03  1.5514E+03  8.6093E+03  2.8400E+03  4.0000E+00
  1.1751E+04  1.9554E+11  4.5849E+03  4.2687E+06  8.9039E+03  1.5624E+03  8.6622E+03  2.8756E+03  4.0000E+00
  1.1788E+04  1.9920E+11  4.7202E+03  4.3728E+06  8.9501E+03  1.5735E+03  8.7156E+03  2.9116E+03  4.0000E+00
  1.1825E+04  2.0294E+11  4.8595E+03  4.4794E+06  8.9965E+03  1.5845E+03  8.7695E+03  2.9480E+03  4.0000E+00
  1.1863E+04  2.0675E+11  5.0029E+03  4.5885E+06  9.0432E+03  1.5956E+03  8.8239E+03  2.9847E+03  4.0000E+00
  1.1900E+04  2.1062E+11  5.1505E+03  4.7002E+06  9.0902E+03  1.6066E+03  8.8789E+03  3.0219E+03  4.0000E+00
  1.1938E+04  2.1458E+11  5.3025E+03  4.8145E+06  9.1375E+03  1.6176E+03  8.9344E+03  3.0595E+03  4.0000E+00
  1.1976E+04  2.1861E+11  5.4589E+03  4.9314E+06  9.1851E+03  1.6287E+03  8.9905E+03  3.0975E+03  4.0000E+00
  1.2014E+04  2.2271E+11  5.6200E+03  5.0512E+06  9.2329E+03  1.6397E+03  9.0471E+03  3.1359E+03  4.0000E+00
  1.2053E+04  2.2690E+11  5.7858E+03  5.1738E+06  9.2811E+03  1.6507E+03  9.1043E+03  3.1748E+03  4.0000E+00
  1.2092E+04  2.3116E+11  5.9566E+03  5.2993E+06  9.3296E+03  1.6617E+03  9.1621E+03  3.2141E+03  4.0000E+00
  1.2131E+04  2.3551E+11  6.1323E+03  5.4278E+06  9.3784E+03  1.6727E+03  9.2205E+03  3.2538E+03  4.0000E+00
  1.2237E+04  2.4908E+11  6.3132E+03  5.8222E+06  9.4941E+03  1.7080E+03  9.4076E+03  3.3728E+03  5.0000E+00
  1.2363E+04  2.6579E+11  6.4995E+03  6.3137E+06  9.6811E+03  1.7516E+03  9.6311E+03  3.5155E+03  6.0000E+00
  1.2397E+04  2.7000E+11  6.6913E+03  6.4416E+06  9.7241E+03  1.7619E+03  9.6840E+03  3.5517E+03  6.0000E+00
  1.2431E+04  2.7430E+11  6.8887E+03  6.5728E+06  9.7675E+03  1.7723E+03  9.7376E+03  3.5885E+03  6.0000E+00
  1.2466E+04  2.7870E+11  7.0920E+03  6.7072E+06  9.8114E+03  1.7827E+03  9.7920E+03  3.6258E+03  6.0000E+00
  1.2501E+04  2.8319E+11  7.3013E+03  6.8451E+06  9.8558E+03  1.7930E+03  9.8471E+03  3.6636E+03  6.0000E+00
  1.2536E+04  2.8778E+11  7.5167E+03  6.9864E+06  9.9006E+03  1.8034E+03  9.9029E+03  3.7020E+03  6.0000E+00
  1.2572E+04  2.9247E+11  7.7385E+03  7.1313E+06  9.9459E+03  1.8137E+03  9.9596E+03  3.7409E+03  6.0000E+00
  1.2608E+04  2.9726E+11  7.9668E+03  7.2799E+06  9.9916E+03  1.8241E+03  1.0017E+04  3.7804E+03  6.0000E+00
  1.2645E+04  3.0216E+11  8.2019E+03  7.4322E+06  1.0038E+04  1.8344E+03  1.0075E+04  3.8205E+03  6.0000E+00
  1.2682E+04  3.0716E+11  8.4439E+03  7.5883E+06  1.0085E+04  1.8448E+03  1.0134E+04  3.8611E+03  6.0000E+00
  1.2719E+04  3.1227E+11  8.6930E+03  7.7483E+06  1.0132E+04  1.8551E+03  1.0194E+04  3.9023E+03  6.0000E+00
  1.2757E+04  3.1749E+11  8.9495E+03  7.9124E+06  1.0179E+04  1.8654E+03  1.0254E+04  3.9442E+03  6.0000E+00
  1.2795E+04  3.2282E+11  9.2136E+03  8.0806E+06  1.0227E+04  1.8758E+03  1.0316E+04  3.9866E+03  6.0000E+00
  1.2833E+04  3.2827E+11  9.4854E+03  8.2530E+06  1.0276E+04  1.8861E+03  1.0378E+04  4.0296E+03  6.0000E+00
  1.2872E+04  3.3384E+11  9.7653E+03  8.4297E+06  1.0325E+04  1.8964E+03  1.0441E+04  4.0732E+03  6.0000E+00
  1.2911E+04  3.3952E+11  1.0053E+04  8.6109E+06  1.0375E+04  1.9067E+03  1.0504E+04  4.1175E+03  6.0000E+00
  1.2950E+04  3.4533E+11  1.0350E+04  8.7966E+06  1.0425E+04  1.9170E+03  1.0569E+04  4.1623E+03  6.0000E+00
  1.2990E+04  3.5127E+11  1.0655E+04  8.9870E+06  1.0475E+04  1.9273E+03  1.0634E+04  4.2078E+03  6.0000E+00
  1.3030E+04  3.5733E+11  1.0970E+04  9.1822E+06  1.0526E+04  1.9376E+03  1.0701E+04  4.2539E+03  6.0000E+00
  1.3070E+04  3.6353E+11  1.1294E+04  9.3823E+06  1.0578E+04  1.9478E+03  1.0768E+04  4.3007E+03  6.0000E+00
  1.3111E+04  3.6986E+11  1.1627E+04  9.5874E+06  1.0629E+04  1.9581E+03  1.0836E+04  4.3482E+03  6.0000E+00
  1.3152E+04  3.7633E+11  1.1970E+04  9.7977E+06  1.0682E+04  1.9684E+03  1.0905E+04  4.3962E+03  6.0000E+00
  1.3194E+04  3.8293E+11  1.2323E+04  1.0013E+07  1.0735E+04  1.9786E+03  1.0974E+04  4.4450E+03  6.0000E+00
  1.3236E+04  3.8969E+11  1.2687E+04  1.0234E+07  1.0788E+04  1.9889E+03  1.1045E+04  4.4945E+03  6.0000E+00
  1.3278E+04  3.9658E+11  1.3061E+04  1.0461E+07  1.0842E+04  1.9991E+03  1.1117E+04  4.5446E+03  6.0000E+00
  1.3321E+04  4.0363E+11  1.3446E+04  1.0693E+07  1.0897E+04  2.0094E+03  1.1189E+04  4.5954E+03  6.0000E+00
  1.3364E+04  4.1084E+11  1.3843E+04  1.0931E+07  1.0951E+04  2.0196E+03  1.1262E+04  4.6470E+03  6.0000E+00
  1.3408E+04  4.1820E+11  1.4252E+04  1.1175E+07  1.1007E+04  2.0299E+03  1.1337E+04  4.6992E+03  6.0000E+00
  1.3451E+04  4.2573E+11  1.4672E+04  1.1426E+07  1.1063E+04  2.0401E+03  1.1412E+04  4.7522E+03  6.0000E+00
  1.3496E+04  4.3342E+11  1.5105E+04  1.1683E+07  1.1119E+04  2.0503E+03  1.1488E+04  4.8059E+03  6.0000E+00
  1.3540E+04  4.4128E+11  1.5551E+04  1.1946E+07  1.1176E+04  2.0605E+03  1.1566E+04  4.8604E+03  6.0000E+00
  1.3585E+04  4.4931E+11  1.6010E+04  1.2216E+07  1.1234E+04  2.0707E+03  1.1644E+04  4.9157E+03  6.0000E+00
  1.3631E+04  4.5753E+11  1.6482E+04  1.2493E+07  1.1292E+04  2.0809E+03  1.1723E+04  4.9717E+03  6.0000E+00
  1.3677E+04  4.6592E+11  1.6968E+04  1.2777E+07  1.1350E+04  2.0911E+03  1.1803E+04  5.0285E+03  6.0000E+00
  1.3723E+04  4.7451E+11  1.7469E+04  1.3069E+07  1.1409E+04  2.1013E+03  1.1885E+04  5.0862E+03  6.0000E+00
  1.3770E+04  4.8330E+11  1.7984E+04  1.3368E+07  1.1469E+04  2.1115E+03  1.1967E+04  5.1447E+03  6.0000E+00
  1.3817E+04  4.9228E+11  1.8515E+04  1.3675E+07  1.1529E+04  2.1217E+03  1.2050E+04  5.2040E+03  6.0000E+00
  1.3864E+04  5.0147E+11  1.9061E+04  1.3990E+07  1.1590E+04  2.1319E+03  1.2135E+04  5.2642E+03  6.0000E+00
  1.3912E+04  5.1087E+11  1.9624E+04  1.4313E+07  1.1651E+04  2.1421E+03  1.2221E+04  5.3253E+03  6.0000E+00
  1.3961E+04  5.2049E+11  2.0203E+04  1.4645E+07  1.1713E+04  2.1523E+03  1.2308E+04  5.3872E+03  6.0000E+00
  1.4010E+04  5.3033E+11  2.0799E+04  1.4986E+07  1.1776E+04  2.1625E+03  1.2396E+04  5.4502E+03  6.0000E+00
  1.4060E+04  5.4041E+11  2.1412E+04  1.5336E+07  1.1839E+04  2.1727E+03  1.2485E+04  5.5140E+03  6.0000E+00
  1.4110E+04  5.5072E+11  2.2044E+04  1.5696E+07  1.1903E+04  2.1830E+03  1.2575E+04  5.5789E+03  6.0000E+00
  1.4160E+04  5.6129E+11  2.2695E+04  1.6066E+07  1.1967E+04  2.1932E+03  1.2667E+04  5.6448E+03  6.0000E+00
  1.4211E+04  5.7211E+11  2.3364E+04  1.6446E+07  1.2032E+04  2.2034E+03  1.2760E+04  5.7117E+03  6.0000E+00
  1.4263E+04  5.8320E+11  2.4054E+04  1.6836E+07  1.2098E+04  2.2137E+03  1.2854E+04  5.7796E+03  6.0000E+00
  1.4315E+04  5.9456E+11  2.4763E+04  1.7238E+07  1.2165E+04  2.2240E+03  1.2950E+04  5.8487E+03  6.0000E+00
  1.4368E+04  6.0620E+11  2.5494E+04  1.7651E+07  1.2232E+04  2.2342E+03  1.3047E+04  5.9189E+03  6.0000E+00
  1.4422E+04  6.1814E+11  2.6246E+04  1.8076E+07  1.2300E+04  2.2445E+03  1.3145E+04  5.9902E+03  6.0000E+00
  1.4476E+04  6.3039E+11  2.7021E+04  1.8513E+07  1.2369E+04  2.2549E+03  1.3245E+04  6.0628E+03  6.0000E+00
  1.4531E+04  6.4295E+11  2.7818E+04  1.8963E+07  1.2438E+04  2.2652E+03  1.3347E+04  6.1366E+03  6.0000E+00
  1.4587E+04  6.5584E+11  2.8639E+04  1.9427E+07  1.2508E+04  2.2756E+03  1.3450E+04  6.2117E+03  6.0000E+00
  1.4643E+04  6.6907E+11  2.9484E+04  1.9904E+07  1.2580E+04  2.2860E+03  1.3555E+04  6.2881E+03  6.0000E+00
  1.4700E+04  6.8266E+11  3.0354E+04  2.0396E+07  1.2652E+04  2.2965E+03  1.3661E+04  6.3658E+03  6.0000E+00
  1.4758E+04  6.9661E+11  3.1250E+04  2.0903E+07  1.2725E+04  2.3070E+03  1.3769E+04  6.4450E+03  6.0000E+00
  1.4817E+04  7.1095E+11  3.2172E+04  2.1426E+07  1.2799E+04  2.3175E+03  1.3879E+04  6.5257E+03  6.0000E+00
  1.4877E+04  7.2569E+11  3.3121E+04  2.1966E+07  1.2873E+04  2.3281E+03  1.3990E+04  6.6079E+03  6.0000E+00
  1.4937E+04  7.4084E+11  3.4098E+04  2.2523E+07  1.2949E+04  2.3387E+03  1.4103E+04  6.6916E+03  6.0000E+00
  1.4999E+04  7.5643E+11  3.5104E+04  2.3098E+07  1.3026E+04  2.3494E+03  1.4219E+04  6.7770E+03  6.0000E+00
  1.5061E+04  7.7247E+11  3.6140E+04  2.3691E+07  1.3104E+04  2.3601E+03  1.4336E+04  6.8640E+03  6.0000E+00
  1.5125E+04  7.8898E+11  3.7206E+04  2.4305E+07  1.3184E+04  2.3709E+03  1.4456E+04  6.9528E+03  6.0000E+00
  1.5189E+04  8.0597E+11  3.8304E+04  2.4939E+07  1.3264E+04  2.3818E+03  1.4577E+04  7.0434E+03  6.0000E+00
  1.5255E+04  8.2349E+11  3.9434E+04  2.5594E+07  1.3346E+04  2.3927E+03  1.4701E+04  7.1358E+03  6.0000E+00
  1.5321E+04  8.4153E+11  4.0598E+04  2.6272E+07  1.3429E+04  2.4037E+03  1.4827E+04  7.2302E+03  6.0000E+00
  1.5389E+04  8.6013E+11  4.1796E+04  2.6974E+07  1.3513E+04  2.4148E+03  1.4955E+04  7.3266E+03  6.0000E+00
  1.5458E+04  8.7931E+11  4.3029E+04  2.7700E+07  1.3599E+04  2.4260E+03  1.5086E+04  7.4250E+03  6.0000E+00
  1.5529E+04  8.9910E+11  4.4299E+04  2.8452E+07  1.3686E+04  2.4372E+03  1.5219E+04  7.5257E+03  6.0000E+00
  1.5600E+04  9.1953E+11  4.5606E+04  2.9231E+07  1.3774E+04  2.4486E+03  1.5355E+04  7.6285E+03  6.0000E+00
  1.5673E+04  9.4062E+11  4.6951E+04  3.0039E+07  1.3864E+04  2.4600E+03  1.5494E+04  7.7336E+03  6.0000E+00
  1.5747E+04  9.6240E+11  4.8337E+04  3.0876E+07  1.3956E+04  2.4716E+03  1.5635E+04  7.8412E+03  6.0000E+00
  1.5823E+04  9.8490E+11  4.9763E+04  3.1745E+07  1.4050E+04  2.4833E+03  1.5780E+04  7.9511E+03  6.0000E+00
  1.5900E+04  1.0082E+12  5.1231E+04  3.2646E+07  1.4145E+04  2.4951E+03  1.5927E+04  8.0637E+03  6.0000E+00
  1.5979E+04  1.0322E+12  5.2743E+04  3.3581E+07  1.4242E+04  2.5070E+03  1.6077E+04  8.1789E+03  6.0000E+00
  1.6059E+04  1.0571E+12  5.4299E+04  3.4553E+07  1.4340E+04  2.5191E+03  1.6231E+04  8.2968E+03  6.0000E+00
  1.6141E+04  1.0829E+12  5.5901E+04  3.5562E+07  1.4441E+04  2.5312E+03  1.6388E+04  8.4176E+03  6.0000E+00
  1.6224E+04  1.1095E+12  5.7551E+04  3.6611E+07  1.4544E+04  2.5436E+03  1.6548E+04  8.5413E+03  6.0000E+00
  1.6310E+04  1.1371E+12  5.9249E+04  3.7702E+07  1.4649E+04  2.5561E+03  1.6712E+04  8.6681E+03  6.0000E+00
  1.6396E+04  1.1657E+12  6.0997E+04  3.8836E+07  1.4755E+04  2.5687E+03  1.6879E+04  8.7980E+03  6.0000E+00
  1.6485E+04  1.1954E+12  6.2797E+04  4.0016E+07  1.4864E+04  2.5815E+03  1.7050E+04  8.9311E+03  6.0000E+00
  1.6575E+04  1.2261E+12  6.4650E+04  4.1245E+07  1.4976E+04  2.5945E+03  1.7225E+04  9.0676E+03  6.0000E+00
  1.6668E+04  1.2580E+12  6.6557E+04  4.2523E+07  1.5089E+04  2.6077E+03  1.7405E+04  9.2075E+03  6.0000E+00
  1.6762E+04  1.2911E+12  6.8521E+04  4.3856E+07  1.5205E+04  2.6211E+03  1.7588E+04  9.3511E+03  6.0000E+00
  1.6858E+04  1.3254E+12  7.0543E+04  4.5243E+07  1.5323E+04  2.6346E+03  1.7776E+04  9.4983E+03  6.0000E+00
  1.6956E+04  1.3610E+12  7.2624E+04  4.6690E+07  1.5444E+04  2.6484E+03  1.7968E+04  9.6494E+03  6.0000E+00
  1.7056E+04  1.3981E+12  7.4767E+04  4.8198E+07  1.5568E+04  2.6624E+03  1.8165E+04  9.8045E+03  6.0000E+00
  1.7158E+04  1.4365E+12  7.6973E+04  4.9771E+07  1.5694E+04  2.6766E+03  1.8367E+04  9.9636E+03  6.0000E+00
  1.7262E+04  1.4765E+12  7.9244E+04  5.1412E+07  1.5823E+04  2.6911E+03  1.8573E+04  1.0127E+04  6.0000E+00
  1.7368E+04  1.5181E+12  8.1583E+04  5.3124E+07  1.5955E+04  2.7058E+03  1.8785E+04  1.0295E+04  6.0000E+00
  1.7477E+04  1.5613E+12  8.3990E+04  5.4912E+07  1.6089E+04  2.7207E+03  1.9002E+04  1.0467E+04  6.0000E+00
  1.7587E+04  1.6063E+12  8.6468E+04  5.6779E+07  1.6227E+04  2.7359E+03  1.9225E+04  1.0644E+04  6.0000E+00
  1.7700E+04  1.6531E+12  8.9019E+04  5.8729E+07  1.6367E+04  2.7514E+03  1.9453E+04  1.0825E+04  6.0000E+00
  1.7815E+04  1.7018E+12  9.1646E+04  6.0767E+07  1.6511E+04  2.7672E+03  1.9687E+04  1.1012E+04  6.0000E+00
  1.7932E+04  1.7526E+12  9.4350E+04  6.2897E+07  1.6658E+04  2.7833E+03  1.9927E+04  1.1204E+04  6.0000E+00
  1.8052E+04  1.8055E+12  9.7134E+04  6.5124E+07  1.6808E+04  2.7997E+03  2.0173E+04  1.1401E+04  6.0000E+00
  1.8174E+04  1.8606E+12  1.0000E+05  6.7454E+07  1.6962E+04  2.8164E+03  2.0426E+04  1.1603E+04  6.0000E+00
