#  Density    Pressure      Temp.      Energy    Sound Speed   Entropy   Shock Speed Part. Speed    Phase
  8.0600E+03  1.0000E+05  2.9800E+02  9.4688E+04  4.3903E+03  5.5385E+02  4.3903E+03  0.0000E+00  4.0000E+00
  8.1863E+03  2.5076E+09  3.0679E+02  9.7087E+04  4.5206E+03  5.5397E+02  4.4908E+03  6.9276E+01  4.0000E+00
  8.3105E+03  5.1241E+09  3.1585E+02  1.0427E+05  4.6519E+03  5.5477E+02  4.5924E+03  1.3843E+02  4.0000E+00
  8.4278E+03  7.7420E+09  3.2516E+02  1.1565E+05  4.7790E+03  5.5675E+02  4.6913E+03  2.0475E+02  4.0000E+00
  8.5358E+03  1.0286E+10  3.3476E+02  1.3025E+05  4.8985E+03  5.6009E+02  4.7850E+03  2.6670E+02  4.0000E+00
  8.6340E+03  1.2722E+10  3.4464E+02  1.4716E+05  5.0090E+03  5.6475E+02  4.8723E+03  3.2394E+02  4.0000E+00
  8.7235E+03  1.5042E+10  3.5481E+02  1.6566E+05  5.1109E+03  5.7056E+02  4.9536E+03  3.7676E+02  4.0000E+00
  8.8053E+03  1.7256E+10  3.6527E+02  1.8530E+05  5.2051E+03  5.7735E+02  5.0293E+03  4.2569E+02  4.0000E+00
  8.8807E+03  1.9375E+10  3.7605E+02  2.0576E+05  5.2926E+03  5.8496E+02  5.1002E+03  4.7132E+02  4.0000E+00
  8.9506E+03  2.1413E+10  3.8715E+02  2.2687E+05  5.3745E+03  5.9325E+02  5.1671E+03  5.1415E+02  4.0000E+00
  9.0161E+03  2.3383E+10  3.9857E+02  2.4850E+05  5.4515E+03  6.0212E+02  5.2305E+03  5.5464E+02  4.0000E+00
  9.0776E+03  2.5295E+10  4.1033E+02  2.7060E+05  5.5244E+03  6.1148E+02  5.2910E+03  5.9314E+02  4.0000E+00
  9.1360E+03  2.7159E+10  4.2244E+02  2.9311E+05  5.5938E+03  6.2126E+02  5.3489E+03  6.2995E+02  4.0000E+00
  9.1915E+03  2.8983E+10  4.3490E+02  3.1602E+05  5.6601E+03  6.3141E+02  5.4047E+03  6.6533E+02  4.0000E+00
  9.2446E+03  3.0774E+10  4.4774E+02  3.3931E+05  5.7237E+03  6.4189E+02  5.4586E+03  6.9946E+02  4.0000E+00
  9.2956E+03  3.2538E+10  4.6095E+02  3.6300E+05  5.7851E+03  6.5264E+02  5.5109E+03  7.3254E+02  4.0000E+00
  9.3448E+03  3.4280E+10  4.7455E+02  3.8707E+05  5.8444E+03  6.6366E+02  5.5618E+03  7.6469E+02  4.0000E+00
  9.3924E+03  3.6003E+10  4.8855E+02  4.1153E+05  5.9019E+03  6.7489E+02  5.6114E+03  7.9604E+02  4.0000E+00
  9.4386E+03  3.7713E+10  5.0296E+02  4.3640E+05  5.9579E+03  6.8634E+02  5.6600E+03  8.2669E+02  4.0000E+00
  9.4835E+03  3.9413E+10  5.1780E+02  4.6169E+05  6.0125E+03  6.9797E+02  5.7076E+03  8.5673E+02  4.0000E+00
  9.5273E+03  4.1104E+10  5.3308E+02  4.8740E+05  6.0658E+03  7.0978E+02  5.7544E+03  8.8624E+02  4.0000E+00
  9.5701E+03  4.2791E+10  5.4881E+02  5.1355E+05  6.1180E+03  7.2174E+02  5.8004E+03  9.1528E+02  4.0000E+00
  9.6120E+03  4.4475E+10  5.6501E+02  5.4017E+05  6.1692E+03  7.3384E+02  5.8459E+03  9.4390E+02  4.0000E+00
  9.6531E+03  4.6158E+10  5.8168E+02  5.6725E+05  6.2194E+03  7.4608E+02  5.8907E+03  9.7217E+02  4.0000E+00
  9.6934E+03  4.7843E+10  5.9884E+02  5.9481E+05  6.2689E+03  7.5843E+02  5.9351E+03  1.0001E+03  4.0000E+00
  9.7332E+03  4.9530E+10  6.1651E+02  6.2288E+05  6.3176E+03  7.7091E+02  5.9790E+03  1.0278E+03  4.0000E+00
  9.7723E+03  5.1223E+10  6.3470E+02  6.5146E+05  6.3657E+03  7.8349E+02  6.0225E+03  1.0552E+03  4.0000E+00
  9.8108E+03  5.2922E+10  6.5343E+02  6.8057E+05  6.4131E+03  7.9617E+02  6.0657E+03  1.0825E+03  4.0000E+00
  9.8489E+03  5.4628E+10  6.7271E+02  7.1022E+05  6.4600E+03  8.0894E+02  6.1086E+03  1.1095E+03  4.0000E+00
  9.8865E+03  5.6344E+10  6.9256E+02  7.4044E+05  6.5064E+03  8.2179E+02  6.1513E+03  1.1364E+03  4.0000E+00
  9.9238E+03  5.8070E+10  7.1299E+02  7.7124E+05  6.5524E+03  8.3473E+02  6.1937E+03  1.1632E+03  4.0000E+00
  9.9606E+03  5.9807E+10  7.3403E+02  8.0264E+05  6.5979E+03  8.4775E+02  6.2360E+03  1.1899E+03  4.0000E+00
  9.9972E+03  6.1558E+10  7.5569E+02  8.3464E+05  6.6431E+03  8.6083E+02  6.2781E+03  1.2165E+03  4.0000E+00
  1.0033E+04  6.3321E+10  7.7798E+02  8.6728E+05  6.6879E+03  8.7399E+02  6.3201E+03  1.2431E+03  4.0000E+00
  1.0069E+04  6.5100E+10  8.0094E+02  9.0057E+05  6.7325E+03  8.8720E+02  6.3620E+03  1.2695E+03  4.0000E+00
  1.0105E+04  6.6894E+10  8.2457E+02  9.3452E+05  6.7767E+03  9.0048E+02  6.4039E+03  1.2960E+03  4.0000E+00
  1.0141E+04  6.8705E+10  8.4890E+02  9.6915E+05  6.8207E+03  9.1381E+02  6.4457E+03  1.3225E+03  4.0000E+00
  1.0176E+04  7.0534E+10  8.7395E+02  1.0045E+06  6.8645E+03  9.2719E+02  6.4874E+03  1.3489E+03  4.0000E+00
  1.0211E+04  7.2381E+10  8.9974E+02  1.0405E+06  6.9081E+03  9.4062E+02  6.5292E+03  1.3754E+03  4.0000E+00
  1.0246E+04  7.4248E+10  9.2628E+02  1.0773E+06  6.9516E+03  9.5410E+02  6.5710E+03  1.4019E+03  4.0000E+00
  1.0281E+04  7.6135E+10  9.5361E+02  1.1149E+06  6.9949E+03  9.6762E+02  6.6128E+03  1.4284E+03  4.0000E+00
  1.0315E+04  7.8043E+10  9.8175E+02  1.1532E+06  7.0380E+03  9.8119E+02  6.6547E+03  1.4550E+03  4.0000E+00
  1.0350E+04  7.9974E+10  1.0107E+03  1.1924E+06  7.0811E+03  9.9479E+02  6.6967E+03  1.4817E+03  4.0000E+00
  1.0384E+04  8.1928E+10  1.0405E+03  1.2323E+06  7.1240E+03  1.0084E+03  6.7387E+03  1.5084E+03  4.0000E+00
  1.0419E+04  8.3905E+10  1.0712E+03  1.2731E+06  7.1668E+03  1.0221E+03  6.7809E+03  1.5352E+03  4.0000E+00
  1.0453E+04  8.5908E+10  1.1029E+03  1.3148E+06  7.2096E+03  1.0358E+03  6.8231E+03  1.5621E+03  4.0000E+00
  1.0487E+04  8.7936E+10  1.1354E+03  1.3573E+06  7.2524E+03  1.0496E+03  6.8655E+03  1.5891E+03  4.0000E+00
  1.0522E+04  8.9990E+10  1.1689E+03  1.4008E+06  7.2951E+03  1.0633E+03  6.9080E+03  1.6162E+03  4.0000E+00
  1.0556E+04  9.2072E+10  1.2034E+03  1.4452E+06  7.3378E+03  1.0771E+03  6.9507E+03  1.6435E+03  4.0000E+00
  1.0590E+04  9.4182E+10  1.2389E+03  1.4905E+06  7.3804E+03  1.0909E+03  6.9936E+03  1.6708E+03  4.0000E+00
  1.0624E+04  9.6321E+10  1.2754E+03  1.5369E+06  7.4231E+03  1.1048E+03  7.0366E+03  1.6983E+03  4.0000E+00
  1.0658E+04  9.8490E+10  1.3131E+03  1.5842E+06  7.4658E+03  1.1187E+03  7.0798E+03  1.7260E+03  4.0000E+00
  1.0693E+04  1.0069E+11  1.3518E+03  1.6326E+06  7.5085E+03  1.1325E+03  7.1232E+03  1.7538E+03  4.0000E+00
  1.0727E+04  1.0292E+11  1.3917E+03  1.6820E+06  7.5512E+03  1.1464E+03  7.1668E+03  1.7817E+03  4.0000E+00
  1.0761E+04  1.0519E+11  1.4328E+03  1.7325E+06  7.5940E+03  1.1604E+03  7.2107E+03  1.8099E+03  4.0000E+00
  1.0795E+04  1.0748E+11  1.4751E+03  1.7841E+06  7.6368E+03  1.1743E+03  7.2547E+03  1.8382E+03  4.0000E+00
  1.0829E+04  1.0981E+11  1.5186E+03  1.8368E+06  7.6796E+03  1.1883E+03  7.2990E+03  1.8666E+03  4.0000E+00
  1.0864E+04  1.1218E+11  1.5634E+03  1.8908E+06  7.7226E+03  1.2023E+03  7.3436E+03  1.8953E+03  4.0000E+00
  1.0898E+04  1.1459E+11  1.6095E+03  1.9459E+06  7.7656E+03  1.2163E+03  7.3884E+03  1.9242E+03  4.0000E+00
  1.0933E+04  1.1703E+11  1.6570E+03  2.0022E+06  7.8087E+03  1.2303E+03  7.4335E+03  1.9532E+03  4.0000E+00
  1.0967E+04  1.1950E+11  1.7059E+03  2.0598E+06  7.8519E+03  1.2443E+03  7.4789E+03  1.9825E+03  4.0000E+00
  1.1002E+04  1.2202E+11  1.7562E+03  2.1187E+06  7.8952E+03  1.2583E+03  7.5246E+03  2.0120E+03  4.0000E+00
  1.1036E+04  1.2458E+11  1.8080E+03  2.1789E+06  7.9386E+03  1.2723E+03  7.5705E+03  2.0417E+03  4.0000E+00
  1.1071E+04  1.2718E+11  1.8614E+03  2.2405E+06  7.9822E+03  1.2864E+03  7.6168E+03  2.0716E+03  4.0000E+00
  1.1106E+04  1.2982E+11  1.9163E+03  2.3034E+06  8.0258E+03  1.3005E+03  7.6634E+03  2.1018E+03  4.0000E+00
  1.1141E+04  1.3251E+11  1.9729E+03  2.3678E+06  8.0696E+03  1.3145E+03  7.7103E+03  2.1322E+03  4.0000E+00
  1.1176E+04  1.3523E+11  2.0311E+03  2.4337E+06  8.1135E+03  1.3286E+03  7.7575E+03  2.1629E+03  4.0000E+00
  1.1211E+04  1.3801E+11  2.0910E+03  2.5010E+06  8.1576E+03  1.3427E+03  7.8051E+03  2.1938E+03  4.0000E+00
  1.1246E+04  1.4083E+11  2.1527E+03  2.5699E+06  8.2018E+03  1.3568E+03  7.8531E+03  2.2249E+03  4.0000E+00
  1.1282E+04  1.4370E+11  2.2162E+03  2.6403E+06  8.2461E+03  1.3709E+03  7.9014E+03  2.2564E+03  4.0000E+00
  1.1317E+04  1.4661E+11  2.2816E+03  2.7124E+06  8.2906E+03  1.3850E+03  7.9500E+03  2.2881E+03  4.0000E+00
  1.1353E+04  1.4958E+11  2.3489E+03  2.7861E+06  8.3353E+03  1.3991E+03  7.9991E+03  2.3201E+03  4.0000E+00
  1.1389E+04  1.5260E+11  2.4182E+03  2.8615E+06  8.3802E+03  1.4132E+03  8.0485E+03  2.3524E+03  4.0000E+00
  1.1424E+04  1.5567E+11  2.4896E+03  2.9386E+06  8.4252E+03  1.4273E+03  8.0983E+03  2.3849E+03  4.0000E+00
  1.1460E+04  1.5879E+11  2.5630E+03  3.0175E+06  8.4704E+03  1.4414E+03  8.1485E+03  2.4178E+03  4.0000E+00
  1.1497E+04  1.6197E+11  2.6387E+03  3.0983E+06  8.5158E+03  1.4555E+03  8.1991E+03  2.4509E+03  4.0000E+00
  1.1533E+04  1.6521E+11  2.7165E+03  3.1809E+06  8.5614E+03  1.4696E+03  8.2502E+03  2.4844E+03  4.0000E+00
  1.1569E+04  1.6850E+11  2.7967E+03  3.2654E+06  8.6072E+03  1.4837E+03  8.3017E+03  2.5182E+03  4.0000E+00
  1.1606E+04  1.7185E+11  2.8792E+03  3.3519E+06  8.6532E+03  1.4978E+03  8.3536E+03  2.5523E+03  4.0000E+00
  1.1643E+04  1.7526E+11  2.9642E+03  3.4404E+06  8.6994E+03  1.5120E+03  8.4059E+03  2.5868E+03  4.0000E+00
  1.1680E+04  1.7873E+11  3.0516E+03  3.5310E+06  8.7458E+03  1.5261E+03  8.4587E+03  2.6216E+03  4.0000E+00
  1.1717E+04  1.8227E+11  3.1417E+03  3.6237E+06  8.7925E+03  1.5402E+03  8.5120E+03  2.6567E+03  4.0000E+00
  1.1754E+04  1.8587E+11  3.2344E+03  3.7185E+06  8.8393E+03  1.5543E+03  8.5657E+03  2.6922E+03  4.0000E+00
  1.1792E+04  1.8953E+11  3.3298E+03  3.8156E+06  8.8864E+03  1.5684E+03  8.6199E+03  2.7280E+03  4.0000E+00
  1.1829E+04  1.9326E+11  3.4280E+03  3.9150E+06  8.9338E+03  1.5826E+03  8.6746E+03  2.7642E+03  4.0000E+00
  1.1867E+04  1.9706E+11  3.5292E+03  4.0167E+06  8.9813E+03  1.5967E+03  8.7298E+03  2.8007E+03  4.0000E+00
  1.1905E+04  2.0094E+11  3.6333E+03  4.1208E+06  9.0292E+03  1.6108E+03  8.7854E+03  2.8377E+03  4.0000E+00
  1.1944E+04  2.0488E+11  3.7405E+03  4.2274E+06  9.0772E+03  1.6249E+03  8.8416E+03  2.8750E+03  4.0000E+00
  1.1982E+04  2.0890E+11  3.8509E+03  4.3365E+06  9.1255E+03  1.6390E+03  8.8983E+03  2.9127E+03  4.0000E+00
  1.2021E+04  2.1299E+11  3.9645E+03  4.4482E+06  9.1741E+03  1.6531E+03  8.9556E+03  2.9508E+03  4.0000E+00
  1.2060E+04  2.1716E+11  4.0815E+03  4.5625E+06  9.2229E+03  1.6672E+03  9.0133E+03  2.9893E+03  4.0000E+00
  1.2099E+04  2.2141E+11  4.2019E+03  4.6796E+06  9.2720E+03  1.6813E+03  9.0717E+03  3.0282E+03  4.0000E+00
  1.2138E+04  2.2574E+11  4.3259E+03  4.7994E+06  9.3214E+03  1.6954E+03  9.1305E+03  3.0675E+03  4.0000E+00
  1.2177E+04  2.3015E+11  4.4535E+03  4.9221E+06  9.3710E+03  1.7095E+03  9.1900E+03  3.1072E+03  4.0000E+00
  1.2217E+04  2.3465E+11  4.5849E+03  5.0477E+06  9.4209E+03  1.7236E+03  9.2500E+03  3.1474E+03  4.0000E+00
  1.2257E+04  2.3924E+11  4.7202E+03  5.1763E+06  9.4711E+03  1.7376E+03  9.3105E+03  3.1880E+03  4.0000E+00
  1.2297E+04  2.4391E+11  4.8595E+03  5.3080E+06  9.5216E+03  1.7517E+03  9.3717E+03  3.2290E+03  4.0000E+00
  1.2337E+04  2.4867E+11  5.0029E+03  5.4429E+06  9.5724E+03  1.7658E+03  9.4335E+03  3.2705E+03  4.0000E+00
  1.2378E+04  2.5353E+11  5.1505E+03  5.5810E+06  9.6235E+03  1.7799E+03  9.4958E+03  3.3125E+03  4.0000E+00
  1.2419E+04  2.5848E+11  5.3025E+03  5.7224E+06  9.6749E+03  1.7939E+03  9.5588E+03  3.3549E+03  4.0000E+00
  1.2607E+04  2.8293E+11  5.4589E+03  6.4251E+06  9.9117E+03  1.8640E+03  9.8654E+03  3.5582E+03  6.0000E+00
  1.2643E+04  2.8771E+11  5.6200E+03  6.5646E+06  9.9575E+03  1.8775E+03  9.9233E+03  3.5972E+03  6.0000E+00
  1.2680E+04  2.9259E+11  5.7858E+03  6.7076E+06  1.0004E+04  1.8910E+03  9.9819E+03  3.6367E+03  6.0000E+00
  1.2716E+04  2.9758E+11  5.9566E+03  6.8543E+06  1.0051E+04  1.9045E+03  1.0041E+04  3.6768E+03  6.0000E+00
  1.2754E+04  3.0267E+11  6.1323E+03  7.0046E+06  1.0098E+04  1.9180E+03  1.0101E+04  3.7175E+03  6.0000E+00
  1.2791E+04  3.0787E+11  6.3132E+03  7.1588E+06  1.0145E+04  1.9315E+03  1.0162E+04  3.7587E+03  6.0000E+00
  1.2829E+04  3.1319E+11  6.4995E+03  7.3168E+06  1.0194E+04  1.9450E+03  1.0224E+04  3.8006E+03  6.0000E+00
  1.2867E+04  3.1862E+11  6.6913E+03  7.4789E+06  1.0242E+04  1.9585E+03  1.0287E+04  3.8430E+03  6.0000E+00
  1.2906E+04  3.2417E+11  6.8887E+03  7.6450E+06  1.0291E+04  1.9720E+03  1.0350E+04  3.8860E+03  6.0000E+00
  1.2944E+04  3.2983E+11  7.0920E+03  7.8154E+06  1.0341E+04  1.9855E+03  1.0414E+04  3.9296E+03  6.0000E+00
  1.2984E+04  3.3562E+11  7.3013E+03  7.9901E+06  1.0391E+04  1.9990E+03  1.0479E+04  3.9738E+03  6.0000E+00
  1.3023E+04  3.4154E+11  7.5167E+03  8.1692E+06  1.0441E+04  2.0125E+03  1.0545E+04  4.0186E+03  6.0000E+00
  1.3063E+04  3.4758E+11  7.7385E+03  8.3528E+06  1.0492E+04  2.0260E+03  1.0611E+04  4.0640E+03  6.0000E+00
  1.3103E+04  3.5375E+11  7.9668E+03  8.5411E+06  1.0543E+04  2.0394E+03  1.0679E+04  4.1101E+03  6.0000E+00
  1.3144E+04  3.6006E+11  8.2019E+03  8.7342E+06  1.0595E+04  2.0529E+03  1.0747E+04  4.1568E+03  6.0000E+00
  1.3185E+04  3.6651E+11  8.4439E+03  8.9322E+06  1.0647E+04  2.0664E+03  1.0816E+04  4.2042E+03  6.0000E+00
  1.3226E+04  3.7309E+11  8.6930E+03  9.1352E+06  1.0700E+04  2.0798E+03  1.0886E+04  4.2522E+03  6.0000E+00
  1.3268E+04  3.7982E+11  8.9495E+03  9.3433E+06  1.0753E+04  2.0933E+03  1.0957E+04  4.3008E+03  6.0000E+00
  1.3310E+04  3.8669E+11  9.2136E+03  9.5568E+06  1.0807E+04  2.1067E+03  1.1029E+04  4.3502E+03  6.0000E+00
  1.3353E+04  3.9371E+11  9.4854E+03  9.7756E+06  1.0861E+04  2.1202E+03  1.1101E+04  4.4002E+03  6.0000E+00
  1.3395E+04  4.0089E+11  9.7653E+03  1.0000E+07  1.0916E+04  2.1336E+03  1.1175E+04  4.4509E+03  6.0000E+00
  1.3439E+04  4.0822E+11  1.0053E+04  1.0230E+07  1.0971E+04  2.1471E+03  1.1249E+04  4.5023E+03  6.0000E+00
  1.3482E+04  4.1572E+11  1.0350E+04  1.0466E+07  1.1026E+04  2.1605E+03  1.1325E+04  4.5544E+03  6.0000E+00
  1.3526E+04  4.2337E+11  1.0655E+04  1.0708E+07  1.1082E+04  2.1739E+03  1.1401E+04  4.6073E+03  6.0000E+00
  1.3570E+04  4.3120E+11  1.0970E+04  1.0956E+07  1.1139E+04  2.1873E+03  1.1478E+04  4.6608E+03  6.0000E+00
  1.3615E+04  4.3919E+11  1.1294E+04  1.1211E+07  1.1196E+04  2.2008E+03  1.1557E+04  4.7151E+03  6.0000E+00
  1.3660E+04  4.4737E+11  1.1627E+04  1.1472E+07  1.1254E+04  2.2142E+03  1.1636E+04  4.7701E+03  6.0000E+00
  1.3705E+04  4.5572E+11  1.1970E+04  1.1739E+07  1.1312E+04  2.2276E+03  1.1716E+04  4.8259E+03  6.0000E+00
  1.3751E+04  4.6425E+11  1.2323E+04  1.2014E+07  1.1371E+04  2.2410E+03  1.1797E+04  4.8824E+03  6.0000E+00
  1.3797E+04  4.7298E+11  1.2687E+04  1.2295E+07  1.1430E+04  2.2544E+03  1.1880E+04  4.9397E+03  6.0000E+00
  1.3844E+04  4.8190E+11  1.3061E+04  1.2584E+07  1.1489E+04  2.2678E+03  1.1963E+04  4.9978E+03  6.0000E+00
  1.3890E+04  4.9101E+11  1.3446E+04  1.2880E+07  1.1549E+04  2.2812E+03  1.2047E+04  5.0567E+03  6.0000E+00
  1.3938E+04  5.0033E+11  1.3843E+04  1.3184E+07  1.1610E+04  2.2946E+03  1.2133E+04  5.1165E+03  6.0000E+00
  1.3985E+04  5.0986E+11  1.4252E+04  1.3495E+07  1.1671E+04  2.3080E+03  1.2219E+04  5.1770E+03  6.0000E+00
  1.4033E+04  5.1960E+11  1.4672E+04  1.3815E+07  1.1733E+04  2.3214E+03  1.2307E+04  5.2384E+03  6.0000E+00
  1.4082E+04  5.2956E+11  1.5105E+04  1.4143E+07  1.1795E+04  2.3347E+03  1.2395E+04  5.3006E+03  6.0000E+00
  1.4131E+04  5.3974E+11  1.5551E+04  1.4479E+07  1.1858E+04  2.3481E+03  1.2485E+04  5.3637E+03  6.0000E+00
  1.4180E+04  5.5015E+11  1.6010E+04  1.4825E+07  1.1921E+04  2.3615E+03  1.2576E+04  5.4277E+03  6.0000E+00
  1.4230E+04  5.6080E+11  1.6482E+04  1.5179E+07  1.1985E+04  2.3749E+03  1.2668E+04  5.4926E+03  6.0000E+00
  1.4280E+04  5.7170E+11  1.6968E+04  1.5542E+07  1.2050E+04  2.3883E+03  1.2761E+04  5.5583E+03  6.0000E+00
  1.4331E+04  5.8284E+11  1.7469E+04  1.5915E+07  1.2115E+04  2.4017E+03  1.2855E+04  5.6251E+03  6.0000E+00
  1.4382E+04  5.9424E+11  1.7984E+04  1.6298E+07  1.2180E+04  2.4150E+03  1.2951E+04  5.6927E+03  6.0000E+00
  1.4433E+04  6.0590E+11  1.8515E+04  1.6691E+07  1.2247E+04  2.4284E+03  1.3048E+04  5.7614E+03  6.0000E+00
  1.4485E+04  6.1784E+11  1.9061E+04  1.7095E+07  1.2313E+04  2.4418E+03  1.3146E+04  5.8310E+03  6.0000E+00
  1.4537E+04  6.3005E+11  1.9624E+04  1.7510E+07  1.2381E+04  2.4552E+03  1.3245E+04  5.9017E+03  6.0000E+00
  1.4590E+04  6.4255E+11  2.0203E+04  1.7935E+07  1.2449E+04  2.4686E+03  1.3346E+04  5.9734E+03  6.0000E+00
  1.4644E+04  6.5535E+11  2.0799E+04  1.8372E+07  1.2517E+04  2.4821E+03  1.3448E+04  6.0461E+03  6.0000E+00
  1.4697E+04  6.6845E+11  2.1412E+04  1.8821E+07  1.2586E+04  2.4955E+03  1.3552E+04  6.1199E+03  6.0000E+00
  1.4752E+04  6.8187E+11  2.2044E+04  1.9283E+07  1.2656E+04  2.5089E+03  1.3656E+04  6.1949E+03  6.0000E+00
  1.4807E+04  6.9561E+11  2.2695E+04  1.9757E+07  1.2727E+04  2.5224E+03  1.3763E+04  6.2709E+03  6.0000E+00
  1.4862E+04  7.0969E+11  2.3364E+04  2.0244E+07  1.2798E+04  2.5359E+03  1.3870E+04  6.3482E+03  6.0000E+00
  1.4918E+04  7.2411E+11  2.4054E+04  2.0745E+07  1.2870E+04  2.5494E+03  1.3979E+04  6.4266E+03  6.0000E+00
  1.4975E+04  7.3890E+11  2.4763E+04  2.1261E+07  1.2942E+04  2.5629E+03  1.4090E+04  6.5063E+03  6.0000E+00
  1.5032E+04  7.5405E+11  2.5494E+04  2.1791E+07  1.3016E+04  2.5764E+03  1.4202E+04  6.5872E+03  6.0000E+00
  1.5090E+04  7.6958E+11  2.6246E+04  2.2336E+07  1.3090E+04  2.5900E+03  1.4316E+04  6.6695E+03  6.0000E+00
  1.5148E+04  7.8551E+11  2.7021E+04  2.2896E+07  1.3165E+04  2.6036E+03  1.4432E+04  6.7530E+03  6.0000E+00
  1.5208E+04  8.0185E+11  2.7818E+04  2.3474E+07  1.3240E+04  2.6172E+03  1.4549E+04  6.8380E+03  6.0000E+00
  1.5267E+04  8.1861E+11  2.8639E+04  2.4068E+07  1.3317E+04  2.6308E+03  1.4668E+04  6.9243E+03  6.0000E+00
  1.5328E+04  8.3581E+11  2.9484E+04  2.4680E+07  1.3394E+04  2.6445E+03  1.4788E+04  7.0122E+03  6.0000E+00
  1.5389E+04  8.5347E+11  3.0354E+04  2.5310E+07  1.3472E+04  2.6583E+03  1.4911E+04  7.1015E+03  6.0000E+00
  1.5451E+04  8.7160E+11  3.1250E+04  2.5959E+07  1.3551E+04  2.6720E+03  1.5035E+04  7.1923E+03  6.0000E+00
  1.5514E+04  8.9021E+11  3.2172E+04  2.6629E+07  1.3631E+04  2.6859E+03  1.5162E+04  7.2848E+03  6.0000E+00
  1.5578E+04  9.0934E+11  3.3121E+04  2.7318E+07  1.3711E+04  2.6997E+03  1.5290E+04  7.3789E+03  6.0000E+00
  1.5642E+04  9.2899E+11  3.4098E+04  2.8030E+07  1.3793E+04  2.7137E+03  1.5420E+04  7.4746E+03  6.0000E+00
  1.5708E+04  9.4919E+11  3.5104E+04  2.8763E+07  1.3876E+04  2.7276E+03  1.5552E+04  7.5721E+03  6.0000E+00
  1.5774E+04  9.6996E+11  3.6140E+04  2.9520E+07  1.3960E+04  2.7417E+03  1.5687E+04  7.6715E+03  6.0000E+00
  1.5841E+04  9.9131E+11  3.7206E+04  3.0302E+07  1.4045E+04  2.7558E+03  1.5824E+04  7.7726E+03  6.0000E+00
  1.5909E+04  1.0133E+12  3.8304E+04  3.1108E+07  1.4131E+04  2.7700E+03  1.5963E+04  7.8757E+03  6.0000E+00
  1.5979E+04  1.0359E+12  3.9434E+04  3.1941E+07  1.4218E+04  2.7842E+03  1.6104E+04  7.9808E+03  6.0000E+00
  1.6049E+04  1.0592E+12  4.0598E+04  3.2802E+07  1.4306E+04  2.7986E+03  1.6248E+04  8.0879E+03  6.0000E+00
  1.6120E+04  1.0831E+12  4.1796E+04  3.3691E+07  1.4396E+04  2.8130E+03  1.6394E+04  8.1971E+03  6.0000E+00
  1.6193E+04  1.1078E+12  4.3029E+04  3.4610E+07  1.4487E+04  2.8275E+03  1.6543E+04  8.3085E+03  6.0000E+00
  1.6266E+04  1.1332E+12  4.4299E+04  3.5561E+07  1.4579E+04  2.8421E+03  1.6694E+04  8.4221E+03  6.0000E+00
  1.6341E+04  1.1594E+12  4.5606E+04  3.6544E+07  1.4673E+04  2.8568E+03  1.6848E+04  8.5380E+03  6.0000E+00
  1.6417E+04  1.1865E+12  4.6951E+04  3.7561E+07  1.4768E+04  2.8716E+03  1.7005E+04  8.6564E+03  6.0000E+00
  1.6494E+04  1.2143E+12  4.8337E+04  3.8614E+07  1.4864E+04  2.8865E+03  1.7165E+04  8.7772E+03  6.0000E+00
  1.6572E+04  1.2431E+12  4.9763E+04  3.9704E+07  1.4962E+04  2.9016E+03  1.7328E+04  8.9005E+03  6.0000E+00
  1.6652E+04  1.2727E+12  5.1231E+04  4.0833E+07  1.5062E+04  2.9167E+03  1.7494E+04  9.0265E+03  6.0000E+00
  1.6733E+04  1.3033E+12  5.2743E+04  4.2003E+07  1.5163E+04  2.9320E+03  1.7663E+04  9.1551E+03  6.0000E+00
  1.6816E+04  1.3350E+12  5.4299E+04  4.3215E+07  1.5266E+04  2.9474E+03  1.7835E+04  9.2866E+03  6.0000E+00
  1.6900E+04  1.3676E+12  5.5901E+04  4.4472E+07  1.5370E+04  2.9630E+03  1.8011E+04  9.4210E+03  6.0000E+00
  1.6985E+04  1.4014E+12  5.7551E+04  4.5776E+07  1.5477E+04  2.9787E+03  1.8190E+04  9.5584E+03  6.0000E+00
  1.7072E+04  1.4362E+12  5.9249E+04  4.7128E+07  1.5585E+04  2.9946E+03  1.8373E+04  9.6988E+03  6.0000E+00
  1.7161E+04  1.4723E+12  6.0997E+04  4.8531E+07  1.5696E+04  3.0106E+03  1.8559E+04  9.8424E+03  6.0000E+00
  1.7251E+04  1.5096E+12  6.2797E+04  4.9988E+07  1.5808E+04  3.0268E+03  1.8749E+04  9.9893E+03  6.0000E+00
  1.7343E+04  1.5482E+12  6.4650E+04  5.1501E+07  1.5922E+04  3.0432E+03  1.8943E+04  1.0140E+04  6.0000E+00
  1.7436E+04  1.5881E+12  6.6557E+04  5.3072E+07  1.6039E+04  3.0598E+03  1.9142E+04  1.0293E+04  6.0000E+00
  1.7531E+04  1.6294E+12  6.8521E+04  5.4704E+07  1.6157E+04  3.0765E+03  1.9344E+04  1.0451E+04  6.0000E+00
  1.7628E+04  1.6722E+12  7.0543E+04  5.6401E+07  1.6278E+04  3.0935E+03  1.9551E+04  1.0612E+04  6.0000E+00
  1.7727E+04  1.7166E+12  7.2624E+04  5.8165E+07  1.6401E+04  3.1107E+03  1.9762E+04  1.0777E+04  6.0000E+00
  1.7827E+04  1.7625E+12  7.4767E+04  6.0000E+07  1.6527E+04  3.1281E+03  1.9978E+04  1.0946E+04  6.0000E+00
  1.7930E+04  1.8102E+12  7.6973E+04  6.1908E+07  1.6655E+04  3.1457E+03  2.0199E+04  1.1119E+04  6.0000E+00
  1.8034E+04  1.8596E+12  7.9244E+04  6.3895E+07  1.6786E+04  3.1635E+03  2.0424E+04  1.1296E+04  6.0000E+00
  1.8140E+04  1.9108E+12  8.1583E+04  6.5962E+07  1.6919E+04  3.1816E+03  2.0655E+04  1.1478E+04  6.0000E+00
  1.8248E+04  1.9639E+12  8.3990E+04  6.8115E+07  1.7055E+04  3.2000E+03  2.0891E+04  1.1664E+04  6.0000E+00
  1.8358E+04  2.0191E+12  8.6468E+04  7.0358E+07  1.7194E+04  3.2187E+03  2.1132E+04  1.1854E+04  6.0000E+00
  1.8470E+04  2.0764E+12  8.9019E+04  7.2694E+07  1.7336E+04  3.2376E+03  2.1379E+04  1.2050E+04  6.0000E+00
  1.8584E+04  2.1359E+12  9.1646E+04  7.5129E+07  1.7480E+04  3.2568E+03  2.1632E+04  1.2250E+04  6.0000E+00
  1.8701E+04  2.1977E+12  9.4350E+04  7.7668E+07  1.7628E+04  3.2763E+03  2.1891E+04  1.2456E+04  6.0000E+00
  1.8819E+04  2.2619E+12  9.7134E+04  8.0315E+07  1.7779E+04  3.2961E+03  2.2156E+04  1.2667E+04  6.0000E+00
  1.8939E+04  2.3287E+12  1.0000E+05  8.3077E+07  1.7933E+04  3.3163E+03  2.2427E+04  1.2883E+04  6.0000E+00
